100 [0.01224942 0.02613709] [5. 5.] [0.00244988 0.00522742] 0.0038386509266666647
1000 [ 0.00782095 -0.01273596] [50. 50.] [ 0.00015642 -0.00025472] 0.00020556906316666624
2000 [-0.01186871 -0.06395964] [100. 100.] [-0.00011869 -0.0006396 ] 0.000379141728500001
3000 [ 0.0617751  -0.00377399] [150. 150.] [ 4.11833987e-04 -2.51599604e-05] 0.00021849697377777902
4000 [ 0.05779193 -0.03788883] [200. 200.] [ 0.00028896 -0.00018944] 0.00023920188485483884
5000 [-0.23586973  0.03508508] [250. 250.] [-0.00094348  0.00014034] 0.0005419096246666664
6000 [-0.13175264 -0.08119781] [300. 300.] [-0.00043918 -0.00027066] 0.00035491740711111127
10000 [ 0.30538625 -0.06945773] [500. 500.] [ 0.00061077 -0.00013892] 0.00037484398576666743
20000 [ 0.26818415 -0.48602697] [1000. 1000.] [ 0.00026818 -0.00048603] 0.00037710555526666715
30000 [0.35461069 0.22792858] [1500. 1500.] [0.00023641 0.00015195] 0.00019417975698888894

