4000 0.001 0.005 4.474330763562661e-08 0.205784784 [-1.83126301 -1.8312354  -1.83119675 -1.62547823 -1.62543832 -1.62541033
 -1.6249826 ]4000 0.3 1.6666666666666667e-05 3.772540589817977e-08 0.20644391799999995 [-1.83118874 -1.83118874 -1.83118874 -1.62474482 -1.62474481 -1.6247448
 -1.62466594]4000 0.001 0.05 5.989241609610216e-06 0.06757847999999989 [14.7961762  14.80983629 14.85507199 14.86375468 14.88895422 14.91351056
 14.92423148]4000 0.3 0.0001666666666666667 2.1314747377238214e-06 0.19069990000000026 [14.88095819 14.88095863 14.88095938 15.07165809 15.07169866 15.07173086
 15.07576812]4000 0.001 0.005 5.091244555103178e-08 0.20620608899999993 [-1.83125378 -1.8311978  -1.83113978 -1.6250477  -1.62502623 -1.62496137
 -1.62474566]
4000 0.001 0.005 5.1465017070051114e-08 0.20582092800000007 [-1.83124267 -1.83119929 -1.83119023 -1.62542175 -1.62537767 -1.62526933
 -1.62493865]
4000 0.001 0.005 5.8751968446791416e-08 0.2043755089999999 [-1.83122709 -1.83120451 -1.83118674 -1.62685159 -1.62675039 -1.62650897
 -1.62566834]
4000 0.001 0.005 5.0225348858639436e-08 0.20559756900000004 [-1.83123141 -1.83121203 -1.83118093 -1.62563384 -1.62553866 -1.62549191
 -1.62495636]
4000 0.001 0.005 4.1281346731342006e-08 0.20550454299999998 [-1.83126407 -1.83124535 -1.83117024 -1.62575952 -1.62571428 -1.62563037
 -1.62554417]
4000 0.001 0.005 5.1519233941204394e-08 0.20580060299999992 [-1.83125949 -1.83122594 -1.83119108 -1.62545889 -1.62539437 -1.62532681
 -1.62526321]
4000 0.001 0.005 5.540450478553653e-08 0.20559161800000014 [-1.83123495 -1.83119162 -1.83118787 -1.62564333 -1.62554015 -1.62544898
 -1.62497168]
4000 0.001 0.005 4.8534532902089335e-08 0.2061405300000001 [-1.83120422 -1.83119839 -1.83118595 -1.62506369 -1.62504923 -1.62502678
 -1.62500109]
4000 0.001 0.005 5.178117804616453e-08 0.205756045 [-1.83125787 -1.83120967 -1.8311884  -1.62550182 -1.6253716  -1.6252431
 -1.6252206 ]
4000 0.001 0.005 4.4637158060247484e-08 0.2050512630000001 [-1.83124687 -1.83122899 -1.83122059 -1.62619561 -1.62597953 -1.6259131
 -1.62519076]
4000 0.001 0.005 5.261621656130776e-08 0.20552806599999984 [-1.83121182 -1.83119541 -1.83118106 -1.62568375 -1.62563145 -1.62557511
 -1.6250612 ]
4000 0.001 0.005 5.3282155078505455e-08 0.20556560000000013 [-1.83123765 -1.83121569 -1.83114912 -1.62567204 -1.62561349 -1.62544675
 -1.62492879]
4000 0.001 0.005 3.8652122602276835e-08 0.20528550199999995 [-1.83122453 -1.83119642 -1.83117864 -1.62593903 -1.62587081 -1.62583357
 -1.62486122]
4000 0.001 0.005 4.642501078081365e-08 0.20506475699999993 [-1.83122465 -1.83119566 -1.83118196 -1.62615989 -1.62603519 -1.62591275
 -1.62488885]
4000 0.001 0.005 5.462034752039705e-08 0.20498029799999995 [-1.83122477 -1.8312044  -1.83117548 -1.62624448 -1.62621447 -1.62612986
 -1.62535106]
4000 0.001 0.005 5.270547476336484e-08 0.20460642100000004 [-1.83124027 -1.83122143 -1.83118562 -1.62663385 -1.62644843 -1.62630869
 -1.62509371]
4000 0.001 0.005 4.29929544331142e-08 0.20522526899999982 [-1.83122872 -1.83118988 -1.83117395 -1.62600345 -1.6259736  -1.62588118
 -1.62498678]
4000 0.001 0.005 5.033519897221257e-08 0.20503254999999987 [-1.83125219 -1.8311963  -1.83117049 -1.62621964 -1.62612561 -1.62600465
 -1.62508152]
4000 0.001 0.005 5.575686077853495e-08 0.2050593409999999 [-1.83127312 -1.83121471 -1.83118259 -1.62621378 -1.62596789 -1.6257528
 -1.62544458]
4000 0.001 0.005 5.158078238911049e-08 0.20553311799999996 [-1.83122768 -1.83119664 -1.83116217 -1.62569456 -1.62555516 -1.6254762
 -1.62490663]
4000 0.001 0.005 4.3130196905785706e-08 0.20595944300000002 [-1.83124121 -1.83119973 -1.83118455 -1.62528176 -1.62519352 -1.62512217
 -1.62498687]
4000 0.001 0.005 4.891110065647965e-08 0.20525967099999987 [-1.83121653 -1.83120352 -1.83116513 -1.62595686 -1.6259016  -1.62585264
 -1.62488922]
4000 0.001 0.005 5.8418887859003345e-08 0.20551533900000019 [-1.83124268 -1.83120768 -1.83115745 -1.62572734 -1.62569179 -1.62548332
 -1.62506496]
4000 0.001 0.005 6.596388724463413e-08 0.20549242099999998 [-1.83122656 -1.83119988 -1.83117184 -1.62573414 -1.6256903  -1.62557348
 -1.62491225]
4000 0.001 0.005 4.8000889022226285e-08 0.20512386500000002 [-1.83124112 -1.83121129 -1.83117443 -1.62611725 -1.62597232 -1.62589275
 -1.62525691]
4000 0.001 0.005 6.103543503804871e-08 0.20573069600000005 [-1.83125827 -1.83120653 -1.83117666 -1.62552757 -1.62545913 -1.62541054
 -1.62510597]
4000 0.001 0.005 4.7826815831769605e-08 0.20544883400000002 [-1.83123608 -1.83119873 -1.83116525 -1.62578724 -1.62573696 -1.6255841
 -1.62479593]
4000 0.001 0.005 5.301268095845095e-08 0.205631173 [-1.83125187 -1.83122218 -1.83119661 -1.6256207  -1.62550515 -1.62539564
 -1.62502966]
4000 0.001 0.005 4.8798445363303076e-08 0.20585256600000013 [-1.83120234 -1.83119399 -1.83118373 -1.62534978 -1.62529149 -1.6252574
 -1.62517635]
4000 0.001 0.005 5.853622542784198e-08 0.205120333 [-1.83124232 -1.83121365 -1.83117464 -1.62612199 -1.62597454 -1.62588581
 -1.62493063]
4000 0.03422222222222222 0.0001461038961038961 4.564292738783661e-08 0.204693091 [-1.83124505 -1.83121036 -1.83119384 -1.62655196 -1.62628096 -1.62617292
 -1.62528475]
4000 0.03422222222222222 0.0001461038961038961 4.985441517231743e-08 0.2057418980000001 [-1.83121524 -1.83119658 -1.83118924 -1.62547334 -1.62542035 -1.62538728
 -1.62485891]
4000 0.03422222222222222 0.0001461038961038961 5.1002578991079755e-08 0.20568942000000012 [-1.83124562 -1.83120949 -1.8311666  -1.6255562  -1.62550643 -1.62541874
 -1.62481387]
4000 0.03422222222222222 0.0001461038961038961 4.922530899808172e-08 0.20493931399999998 [-1.83121999 -1.83120928 -1.83119969 -1.62628067 -1.62620146 -1.62614788
 -1.62532794]
4000 0.03422222222222222 0.0001461038961038961 4.965435191611518e-08 0.20588828400000003 [-1.83121289 -1.83120437 -1.83119311 -1.6253246  -1.62528437 -1.62514977
 -1.62480694]
4000 0.03422222222222222 0.0001461038961038961 4.7231754331894663e-08 0.20448941100000018 [-1.83123554 -1.83122617 -1.83120615 -1.62674613 -1.6266118  -1.62650934
 -1.62525662]
4000 0.03422222222222222 0.0001461038961038961 5.0145649829459226e-08 0.2062333820000002 [-1.83121576 -1.83119404 -1.83116634 -1.62498238 -1.62495272 -1.62493135
 -1.62467034]
4000 0.03422222222222222 0.0001461038961038961 4.500160065534694e-08 0.20514597499999998 [-1.83123468 -1.83120311 -1.83116943 -1.62608871 -1.6260086  -1.62586313
 -1.62505526]
4000 0.03422222222222222 0.0001461038961038961 4.837753411109041e-08 0.20610081400000002 [-1.83122256 -1.83119853 -1.83118863 -1.62512174 -1.62510595 -1.62502061
 -1.62495132]
4000 0.03422222222222222 0.0001461038961038961 5.745990666547652e-08 0.2054389080000001 [-1.83122747 -1.8312053  -1.83116271 -1.62578856 -1.62570358 -1.62564099
 -1.62532637]
4000 0.03422222222222222 0.0001461038961038961 4.836342791116074e-08 0.20550897300000015 [-1.83123624 -1.83118867 -1.83115831 -1.62572727 -1.62565315 -1.62555117
 -1.6249067 ]
4000 0.03422222222222222 0.0001461038961038961 4.903361451630022e-08 0.20537689599999998 [-1.83123421 -1.8312056  -1.83118786 -1.62585731 -1.62573039 -1.62561747
 -1.62525383]
4000 0.03422222222222222 0.0001461038961038961 4.868245443911171e-08 0.20601755200000005 [-1.83121506 -1.83120164 -1.83118341 -1.62519751 -1.62517025 -1.62506207
 -1.62485666]
4000 0.03422222222222222 0.0001461038961038961 5.1051342639847055e-08 0.20515375400000013 [-1.83122616 -1.83119868 -1.83116063 -1.62607241 -1.62605141 -1.62593206
 -1.62534424]
4000 0.03422222222222222 0.0001461038961038961 5.038970351970936e-08 0.20539114599999997 [-1.83124646 -1.83121691 -1.83117171 -1.62585532 -1.62571056 -1.62557259
 -1.62544242]
4000 0.03422222222222222 0.0001461038961038961 4.5506902012705495e-08 0.20561430599999997 [-1.83121726 -1.83119873 -1.83118469 -1.62560295 -1.62550275 -1.62542746
 -1.62496541]
4000 0.03422222222222222 0.0001461038961038961 4.716018902784199e-08 0.20536441800000005 [-1.83121249 -1.83119254 -1.83118504 -1.62584807 -1.62573768 -1.62564774
 -1.6251547 ]
4000 0.03422222222222222 0.0001461038961038961 4.781724295066545e-08 0.20540877999999996 [-1.83121517 -1.83120353 -1.83118103 -1.62580639 -1.62575069 -1.62570765
 -1.6251998 ]
4000 0.03422222222222222 0.0001461038961038961 4.3556974403815204e-08 0.20589668100000003 [-1.83121685 -1.83119519 -1.83118408 -1.62532017 -1.62529312 -1.62525785
 -1.62491628]
4000 0.03422222222222222 0.0001461038961038961 5.787521565360331e-08 0.20613277399999985 [-1.83121872 -1.83120877 -1.83120199 -1.62508595 -1.62505889 -1.62498025
 -1.62496571]
4000 0.03422222222222222 0.0001461038961038961 4.9506277270415e-08 0.20589986300000018 [-1.83122288 -1.83120571 -1.83117806 -1.62532302 -1.62524981 -1.6251204
 -1.62501741]
4000 0.03422222222222222 0.0001461038961038961 5.104425463915954e-08 0.20578820600000003 [-1.83123439 -1.83119698 -1.83117966 -1.62544618 -1.62535284 -1.62524614
 -1.62486583]
4000 0.03422222222222222 0.0001461038961038961 5.30168232998988e-08 0.20547853799999993 [-1.83121826 -1.83120107 -1.83117636 -1.62573973 -1.62569207 -1.62562284
 -1.6248217 ]
4000 0.03422222222222222 0.0001461038961038961 5.271467024145952e-08 0.20571918199999994 [-1.83125278 -1.83120449 -1.83115644 -1.6255336  -1.62548407 -1.62536827
 -1.62487367]
4000 0.03422222222222222 0.0001461038961038961 4.5843110284186764e-08 0.20601279400000005 [-1.83122318 -1.83120569 -1.83117435 -1.62521038 -1.62513924 -1.62499985
 -1.62480292]
4000 0.03422222222222222 0.0001461038961038961 5.260081593681187e-08 0.20587173700000005 [-1.83124861 -1.83119222 -1.83116039 -1.62537687 -1.62534843 -1.62528789
 -1.62490373]
4000 0.03422222222222222 0.0001461038961038961 5.302891363890395e-08 0.20568086400000007 [-1.8312108  -1.83120191 -1.83118388 -1.62552994 -1.62548099 -1.62544851
 -1.62516424]
4000 0.03422222222222222 0.0001461038961038961 4.7648280016950884e-08 0.20531607500000004 [-1.83122473 -1.83120069 -1.83118154 -1.62590866 -1.62582846 -1.62571051
 -1.62494137]
4000 0.03422222222222222 0.0001461038961038961 4.647269771088896e-08 0.20584269599999994 [-1.83122187 -1.83118574 -1.83116829 -1.62537917 -1.62535244 -1.62529883
 -1.62522772]
4000 0.03422222222222222 0.0001461038961038961 4.7872181098355965e-08 0.20546625799999996 [-1.831235   -1.83122212 -1.831197   -1.62576874 -1.62565949 -1.62550245
 -1.62542248]
4000 0.06744444444444445 7.41350906095552e-05 6.205841587800548e-08 0.206096646 [-1.83120241 -1.83119316 -1.83118927 -1.62510576 -1.62505547 -1.62504328
 -1.6246634 ]
4000 0.06744444444444445 7.41350906095552e-05 4.692570884083438e-08 0.205089584 [-1.83120734 -1.8312038  -1.8311952  -1.62611776 -1.62606602 -1.62595704
 -1.62482789]
4000 0.06744444444444445 7.41350906095552e-05 3.359313781098017e-08 0.20614869600000008 [-1.83120323 -1.83118916 -1.83118497 -1.62505453 -1.62500356 -1.62498092
 -1.62468718]
4000 0.06744444444444445 7.41350906095552e-05 5.148449670827967e-08 0.20521778199999985 [-1.83120994 -1.83119713 -1.83118945 -1.62599216 -1.6259079  -1.62583977
 -1.62502265]
4000 0.06744444444444445 7.41350906095552e-05 6.794130764625532e-08 0.20572959600000007 [-1.83120851 -1.83120249 -1.83119225 -1.62547891 -1.62540762 -1.6253146
 -1.62504402]
4000 0.06744444444444445 7.41350906095552e-05 4.065760348731702e-08 0.20591539299999995 [-1.83119973 -1.83119116 -1.83118774 -1.62528433 -1.62527625 -1.62524665
 -1.62511112]
4000 0.06744444444444445 7.41350906095552e-05 4.422651725079426e-08 0.205524308 [-1.83120535 -1.83118754 -1.83118581 -1.62568104 -1.6256257  -1.62556976
 -1.625081  ]
4000 0.06744444444444445 7.41350906095552e-05 5.632320997339157e-08 0.2055650560000002 [-1.83122315 -1.83121698 -1.83119321 -1.62565809 -1.62556759 -1.62545924
 -1.6252487 ]
4000 0.06744444444444445 7.41350906095552e-05 4.9459062318626544e-08 0.205433443 [-1.8312074  -1.83119178 -1.83118686 -1.62577396 -1.62572286 -1.62568702
 -1.62489878]
4000 0.06744444444444445 7.41350906095552e-05 6.050554403906574e-08 0.2061945660000002 [-1.83120451 -1.83119616 -1.83118858 -1.62500994 -1.62499856 -1.62493839
 -1.62486402]
4000 0.06744444444444445 7.41350906095552e-05 4.77010504844866e-08 0.20573634099999993 [-1.83121482 -1.83120189 -1.8311959  -1.62547848 -1.62545533 -1.62532536
 -1.62512792]
4000 0.06744444444444445 7.41350906095552e-05 3.810327089051889e-08 0.20566167999999996 [-1.83120255 -1.8311917  -1.83118381 -1.62554087 -1.62549663 -1.62545311
 -1.62506515]
4000 0.06744444444444445 7.41350906095552e-05 5.285118959406038e-08 0.20615412200000005 [-1.8312202  -1.83120318 -1.8311959  -1.62506608 -1.62503189 -1.62494527
 -1.62482973]
4000 0.06744444444444445 7.41350906095552e-05 5.3777640096411406e-08 0.20592096800000004 [-1.8312066  -1.83119431 -1.83118138 -1.62528564 -1.62526418 -1.62525216
 -1.62473281]
4000 0.06744444444444445 7.41350906095552e-05 5.3483346068897826e-08 0.20581510999999986 [-1.83120026 -1.83119337 -1.8311816  -1.62538515 -1.62536076 -1.62533545
 -1.62499928]
4000 0.06744444444444445 7.41350906095552e-05 5.162590735896934e-08 0.20552634399999992 [-1.83120772 -1.83119808 -1.83117923 -1.62568138 -1.62562058 -1.62558697
 -1.62527866]
4000 0.06744444444444445 7.41350906095552e-05 4.785201704606974e-08 0.20561857399999983 [-1.83121138 -1.83120031 -1.83119303 -1.62559281 -1.62546615 -1.62540913
 -1.62493506]
4000 0.06744444444444445 7.41350906095552e-05 5.3661061607357275e-08 0.20617677800000012 [-1.83122621 -1.83120934 -1.83119988 -1.62504943 -1.62497342 -1.6249385
 -1.62486348]
4000 0.06744444444444445 7.41350906095552e-05 4.356695225235169e-08 0.20594103699999988 [-1.83120261 -1.83119047 -1.83118216 -1.62526157 -1.62522263 -1.62519652
 -1.62477313]
4000 0.06744444444444445 7.41350906095552e-05 5.6800177211240434e-08 0.20581100499999994 [-1.8312012  -1.8311955  -1.8311857  -1.62539019 -1.62532258 -1.62528342
 -1.62493531]
4000 0.06744444444444445 7.41350906095552e-05 6.559941680121077e-08 0.20557372099999993 [-1.83120272 -1.83119194 -1.83118546 -1.625629   -1.6256092  -1.62558038
 -1.62474302]
4000 0.06744444444444445 7.41350906095552e-05 6.35014849515816e-08 0.20550091699999995 [-1.8312048  -1.83119937 -1.83118254 -1.62570388 -1.6256678  -1.62564546
 -1.6248456 ]
4000 0.06744444444444445 7.41350906095552e-05 6.462046775609784e-08 0.205602198 [-1.83121559 -1.83119682 -1.83118974 -1.62561339 -1.62559322 -1.62555284
 -1.62482759]
4000 0.06744444444444445 7.41350906095552e-05 4.9805167055687895e-08 0.2057390250000002 [-1.83120438 -1.83119394 -1.83118523 -1.62546535 -1.62543791 -1.625384
 -1.62524898]
4000 0.06744444444444445 7.41350906095552e-05 4.642711750266466e-08 0.20508203999999997 [-1.83120517 -1.83119522 -1.8311837  -1.62612313 -1.62603172 -1.62596903
 -1.62541691]
4000 0.06744444444444445 7.41350906095552e-05 4.4959915371956105e-08 0.20555172200000005 [-1.83120538 -1.83119797 -1.83119301 -1.62565366 -1.62561755 -1.62558467
 -1.62497386]
4000 0.06744444444444445 7.41350906095552e-05 4.976199944131823e-08 0.20507992699999988 [-1.83120527 -1.83120159 -1.83119554 -1.62612535 -1.62606286 -1.62602186
 -1.62517912]
4000 0.06744444444444445 7.41350906095552e-05 6.076398837970512e-08 0.20544655499999998 [-1.83120532 -1.83119866 -1.83118423 -1.62575876 -1.62570399 -1.62567062
 -1.62484039]
4000 0.06744444444444445 7.41350906095552e-05 4.780532314221073e-08 0.2058508670000001 [-1.83119776 -1.83119331 -1.83118382 -1.62534689 -1.62531618 -1.6252753
 -1.62498639]
4000 0.06744444444444445 7.41350906095552e-05 4.758113752662017e-08 0.20570418299999993 [-1.83120593 -1.83119542 -1.83118971 -1.62550174 -1.62544825 -1.62543351
 -1.62480322]
4000 0.10066666666666667 4.966887417218543e-05 5.743137274763864e-08 0.20606270700000007 [-1.83119919 -1.83119488 -1.83119298 -1.62513649 -1.62512597 -1.6251007
 -1.62473476]
4000 0.10066666666666667 4.966887417218543e-05 5.324840314160557e-08 0.2049519420000001 [-1.83119933 -1.83119504 -1.83119201 -1.62624739 -1.62621958 -1.62612827
 -1.62480132]
4000 0.10066666666666667 4.966887417218543e-05 4.499321610070927e-08 0.20514362399999997 [-1.83120115 -1.83119622 -1.83119261 -1.62605753 -1.62600613 -1.6259572
 -1.62474195]
4000 0.10066666666666667 4.966887417218543e-05 5.8575269708406506e-08 0.20578036500000008 [-1.83119731 -1.83119333 -1.83118845 -1.62541694 -1.62541136 -1.62539546
 -1.62494142]
4000 0.10066666666666667 4.966887417218543e-05 5.193704736780272e-08 0.20608833999999998 [-1.83120831 -1.83120262 -1.83119353 -1.62511997 -1.62509439 -1.62506146
 -1.62479878]
4000 0.10066666666666667 4.966887417218543e-05 7.143594954581595e-08 0.20593199800000006 [-1.83120429 -1.83119962 -1.831196   -1.62527229 -1.62526647 -1.62524506
 -1.62479801]
4000 0.10066666666666667 4.966887417218543e-05 5.359700442002804e-08 0.20557670999999988 [-1.83119348 -1.83119051 -1.83118823 -1.62561677 -1.6255892  -1.62556935
 -1.62466183]
4000 0.10066666666666667 4.966887417218543e-05 3.114603270195863e-08 0.20597240299999986 [-1.83119575 -1.83119381 -1.83118729 -1.62522335 -1.62518993 -1.62516674
 -1.62478307]
4000 0.10066666666666667 4.966887417218543e-05 4.076241028933631e-08 0.20602904 [-1.83119786 -1.83119168 -1.83118763 -1.62516882 -1.62516144 -1.62514486
 -1.62477868]
4000 0.10066666666666667 4.966887417218543e-05 2.711925151441327e-08 0.20558453599999993 [-1.83119734 -1.8311945  -1.83118901 -1.62561281 -1.62558938 -1.62555205
 -1.62481211]
4000 0.10066666666666667 4.966887417218543e-05 4.5714738029052236e-08 0.20532754899999994 [-1.83119452 -1.83119289 -1.83118802 -1.62586697 -1.62584558 -1.62583143
 -1.62481853]
4000 0.10066666666666667 4.966887417218543e-05 3.791192750379384e-08 0.20569136200000004 [-1.8312053  -1.83119675 -1.83119399 -1.62551394 -1.6254912  -1.62540242
 -1.62504098]
4000 0.10066666666666667 4.966887417218543e-05 6.409941827150637e-08 0.20598079199999986 [-1.83119619 -1.83119424 -1.83118831 -1.6252154  -1.62518853 -1.62517436
 -1.62501231]
4000 0.10066666666666667 4.966887417218543e-05 3.672219353260528e-08 0.20577289099999985 [-1.8312018  -1.83119888 -1.83119607 -1.62542891 -1.62540813 -1.62537544
 -1.6249261 ]
4000 0.10066666666666667 4.966887417218543e-05 5.1847414370598653e-08 0.20589438100000002 [-1.83119394 -1.83119273 -1.83118754 -1.62529956 -1.62527557 -1.62526701
 -1.62465352]
4000 0.10066666666666667 4.966887417218543e-05 4.5811242624899136e-08 0.20613089099999993 [-1.83120044 -1.83119696 -1.83119339 -1.62506955 -1.62505978 -1.62503645
 -1.62472815]
4000 0.10066666666666667 4.966887417218543e-05 4.7508446311854914e-08 0.20611893300000017 [-1.83119373 -1.83119221 -1.83119065 -1.6250748  -1.62506099 -1.62504009
 -1.62491043]
4000 0.10066666666666667 4.966887417218543e-05 3.010167226878459e-08 0.20598949099999997 [-1.83119915 -1.83119527 -1.83119224 -1.62520966 -1.62519074 -1.62517408
 -1.62487214]
4000 0.10066666666666667 4.966887417218543e-05 5.37850129356331e-08 0.2055617729999999 [-1.83119946 -1.83119785 -1.83119563 -1.62563769 -1.62562201 -1.62556332
 -1.62502671]
4000 0.10066666666666667 4.966887417218543e-05 3.841562253458183e-08 0.20596957100000002 [-1.83119268 -1.83118999 -1.83118894 -1.62522311 -1.62520475 -1.62518226
 -1.62471952]
4000 0.10066666666666667 4.966887417218543e-05 7.567383600689987e-08 0.2048600749999998 [-1.8312123  -1.83120553 -1.83119997 -1.62635223 -1.62628697 -1.62618838
 -1.62499799]
4000 0.10066666666666667 4.966887417218543e-05 4.005306797671199e-08 0.20606231399999997 [-1.8312006  -1.83119529 -1.83119338 -1.62513828 -1.62512    -1.62510186
 -1.62502845]
4000 0.10066666666666667 4.966887417218543e-05 3.7679754440051905e-08 0.20583853500000004 [-1.8311997  -1.8311959  -1.83119191 -1.62536117 -1.62534888 -1.62531868
 -1.62484625]
4000 0.10066666666666667 4.966887417218543e-05 3.9932248647035025e-08 0.205829488 [-1.83119269 -1.83119111 -1.83118838 -1.6253632  -1.62535069 -1.62532025
 -1.62469551]
4000 0.10066666666666667 4.966887417218543e-05 4.967467065959628e-08 0.20581844900000013 [-1.83119346 -1.83119137 -1.83118825 -1.62537501 -1.62535067 -1.62532317
 -1.62469958]
4000 0.10066666666666667 4.966887417218543e-05 5.222655896869982e-08 0.20613818299999997 [-1.83119773 -1.83119511 -1.83118891 -1.62505955 -1.62503266 -1.62498401
 -1.62488569]
4000 0.10066666666666667 4.966887417218543e-05 4.648040410694413e-08 0.20577047100000012 [-1.83119383 -1.83119059 -1.83118864 -1.62542336 -1.62540485 -1.6253952
 -1.62481328]
4000 0.10066666666666667 4.966887417218543e-05 3.9381882671291475e-08 0.20619775500000004 [-1.8312027  -1.83119974 -1.83119058 -1.62500494 -1.62497909 -1.62497072
 -1.6248983 ]
4000 0.10066666666666667 4.966887417218543e-05 8.021030785972058e-08 0.20623693500000018 [-1.83119542 -1.8311896  -1.83118851 -1.62495849 -1.6249292  -1.62491661
 -1.6246442 ]
4000 0.10066666666666667 4.966887417218543e-05 3.1916562225427714e-08 0.20613333999999983 [-1.83120141 -1.83119513 -1.83119223 -1.62506807 -1.62503037 -1.62499878
 -1.62493497]
4000 0.1338888888888889 3.734439834024896e-05 5.657355162970762e-08 0.20557010300000012 [-1.83119278 -1.83119208 -1.83119188 -1.62562268 -1.62561399 -1.62560913
 -1.62476572]
4000 0.1338888888888889 3.734439834024896e-05 4.31817772382416e-08 0.20562992999999996 [-1.83119241 -1.83119224 -1.83119214 -1.62556248 -1.62555431 -1.62554866
 -1.62529294]
4000 0.1338888888888889 3.734439834024896e-05 6.861601918725299e-08 0.20627839699999995 [-1.83119014 -1.83118966 -1.83118908 -1.62491174 -1.62490099 -1.62488995
 -1.62484054]
4000 0.1338888888888889 3.734439834024896e-05 4.363397065001864e-08 0.205557408 [-1.83119533 -1.83119477 -1.83119363 -1.62563793 -1.62561751 -1.62561103
 -1.62510251]
4000 0.1338888888888889 3.734439834024896e-05 2.645327704185226e-08 0.20564285400000015 [-1.83119128 -1.83119066 -1.83119031 -1.62554842 -1.62554476 -1.62552733
 -1.62467053]
4000 0.1338888888888889 3.734439834024896e-05 3.3844437602563184e-08 0.20635258299999992 [-1.83119613 -1.83119545 -1.83119435 -1.62484354 -1.62484124 -1.62483416
 -1.6247029 ]
4000 0.1338888888888889 3.734439834024896e-05 2.2184847280143873e-08 0.20546521600000012 [-1.83119109 -1.83119074 -1.83119013 -1.62572588 -1.62571497 -1.6257033
 -1.62485608]
4000 0.1338888888888889 3.734439834024896e-05 4.85797681742637e-08 0.20575466499999995 [-1.83119072 -1.8311904  -1.83118918 -1.62543606 -1.62542674 -1.62541159
 -1.6249234 ]
4000 0.1338888888888889 3.734439834024896e-05 2.8547700660380045e-08 0.20541964800000012 [-1.83119538 -1.83119268 -1.83119197 -1.62577573 -1.62576174 -1.62573021
 -1.62525986]
4000 0.1338888888888889 3.734439834024896e-05 3.9566406527400865e-08 0.2056431059999999 [-1.83119182 -1.83119109 -1.83119026 -1.62554872 -1.62553924 -1.62553498
 -1.62473137]
4000 0.1338888888888889 3.734439834024896e-05 4.162251413700387e-08 0.20529766400000016 [-1.83119319 -1.83119208 -1.83119135 -1.62589552 -1.6258879  -1.62587531
 -1.62555198]
4000 0.1338888888888889 3.734439834024896e-05 3.745990344531355e-08 0.20594348900000004 [-1.83119325 -1.83119196 -1.83119079 -1.62524976 -1.62524577 -1.62522607
 -1.62480067]
4000 0.1338888888888889 3.734439834024896e-05 2.6493609930233506e-08 0.20529515600000003 [-1.83119304 -1.83119253 -1.83119161 -1.62589788 -1.62588626 -1.6258621
 -1.62493164]
4000 0.1338888888888889 3.734439834024896e-05 5.101483134786581e-08 0.20584959499999989 [-1.83119587 -1.8311945  -1.831193   -1.62534628 -1.62533528 -1.6253089
 -1.62476751]
4000 0.1338888888888889 3.734439834024896e-05 5.28490803898527e-08 0.206189819 [-1.83118988 -1.83118963 -1.83118937 -1.62500006 -1.62499325 -1.6249889
 -1.62461155]
4000 0.1338888888888889 3.734439834024896e-05 4.273724378076789e-08 0.20625863599999983 [-1.83119031 -1.83119001 -1.8311893  -1.62493167 -1.62491848 -1.62491656
 -1.62468518]
4000 0.1338888888888889 3.734439834024896e-05 2.8198816430539906e-08 0.20622417300000007 [-1.83119394 -1.83119316 -1.8311924  -1.62496977 -1.6249631  -1.62495941
 -1.62479142]
4000 0.1338888888888889 3.734439834024896e-05 4.174376830780781e-08 0.205595333 [-1.83119503 -1.83119435 -1.83119402 -1.6255997  -1.62559489 -1.62559265
 -1.62490692]
4000 0.1338888888888889 3.734439834024896e-05 4.2714469288181634e-08 0.20606096699999998 [-1.83119268 -1.83119185 -1.83119113 -1.62513172 -1.62512857 -1.62512314
 -1.62468335]
4000 0.1338888888888889 3.734439834024896e-05 3.419215079423874e-08 0.20532664200000017 [-1.83119323 -1.83119247 -1.83119207 -1.62586659 -1.62585889 -1.62583796
 -1.62513486]
4000 0.1338888888888889 3.734439834024896e-05 4.605932877263108e-08 0.20598884500000003 [-1.83119433 -1.83119383 -1.8311932  -1.62520548 -1.62519584 -1.62518661
 -1.62488449]
4000 0.1338888888888889 3.734439834024896e-05 4.75976220523504e-08 0.20606623700000015 [-1.83119596 -1.83119526 -1.83119372 -1.62512972 -1.62512626 -1.62512453
 -1.62471794]
4000 0.1338888888888889 3.734439834024896e-05 6.916855492504301e-08 0.20604985200000003 [-1.83119691 -1.8311965  -1.83119562 -1.62514706 -1.625138   -1.62512553
 -1.62486298]
4000 0.1338888888888889 3.734439834024896e-05 3.701477973205889e-08 0.20560847000000004 [-1.83119051 -1.83118996 -1.83118985 -1.62558204 -1.62557457 -1.62557006
 -1.6249126 ]
4000 0.1338888888888889 3.734439834024896e-05 5.162780793837781e-08 0.2056979109999999 [-1.83119266 -1.83119208 -1.83119171 -1.62549475 -1.62548403 -1.62547108
 -1.62474279]
4000 0.1338888888888889 3.734439834024896e-05 5.594190951323866e-08 0.2053414469999999 [-1.83119164 -1.83119137 -1.83119051 -1.6258502  -1.62582578 -1.6258191
 -1.62487636]
4000 0.1338888888888889 3.734439834024896e-05 4.084607015894739e-08 0.20578314599999992 [-1.83119304 -1.83119228 -1.83119212 -1.6254099  -1.62540448 -1.62540196
 -1.62513603]
4000 0.1338888888888889 3.734439834024896e-05 4.4711444085913895e-08 0.20637126300000008 [-1.83119099 -1.83119052 -1.8311897  -1.62481973 -1.62481285 -1.62481148
 -1.62464752]
4000 0.1338888888888889 3.734439834024896e-05 5.78963949581078e-08 0.20584659100000002 [-1.83119286 -1.83119137 -1.83119125 -1.62534627 -1.62533768 -1.62533446
 -1.62470217]
4000 0.1338888888888889 3.734439834024896e-05 4.670430015150146e-08 0.20619387099999997 [-1.83119119 -1.8311907  -1.83118987 -1.62499732 -1.62499342 -1.6249842
 -1.62486871]
4000 0.1671111111111111 2.9920212765957452e-05 6.775244369861643e-08 0.20585616499999992 [-1.83118982 -1.83118973 -1.83118965 -1.62533365 -1.62533307 -1.62532807
 -1.62485394]
4000 0.1671111111111111 2.9920212765957452e-05 4.3338828428046426e-08 0.20591068000000012 [-1.83118985 -1.83118969 -1.83118962 -1.62527917 -1.62527752 -1.62527592
 -1.62496435]
4000 0.1671111111111111 2.9920212765957452e-05 4.5998597168472426e-08 0.206106546 [-1.83119082 -1.83119061 -1.8311902  -1.62508428 -1.62508135 -1.62507962
 -1.62482092]
4000 0.1671111111111111 2.9920212765957452e-05 2.305069835676699e-08 0.206392798 [-1.83119149 -1.831191   -1.83119088 -1.62479869 -1.6247978  -1.62479227
 -1.62462453]
4000 0.1671111111111111 2.9920212765957452e-05 1.4692475496831484e-08 0.20611231600000002 [-1.83119087 -1.83119062 -1.83119052 -1.62507855 -1.62507752 -1.62507521
 -1.62495228]
4000 0.1671111111111111 2.9920212765957452e-05 1.9889273378020704e-08 0.2054428210000001 [-1.83118993 -1.83118974 -1.83118968 -1.62574711 -1.62574248 -1.62573653
 -1.62482071]
4000 0.1671111111111111 2.9920212765957452e-05 4.2434357462275774e-08 0.20546086899999993 [-1.83119016 -1.83119003 -1.83118979 -1.62572929 -1.62572502 -1.62572073
 -1.62500115]
4000 0.1671111111111111 2.9920212765957452e-05 2.537429244868664e-08 0.20576353400000014 [-1.8311903  -1.83119017 -1.83118984 -1.62542677 -1.62542333 -1.62541749
 -1.6252272 ]
4000 0.1671111111111111 2.9920212765957452e-05 4.4992277550031534e-08 0.20618572599999996 [-1.8311908  -1.83119061 -1.83119053 -1.62500508 -1.62500294 -1.62500088
 -1.62477353]
4000 0.1671111111111111 2.9920212765957452e-05 4.885918053721414e-08 0.20627215 [-1.83119026 -1.83119005 -1.83118997 -1.62491811 -1.6249154  -1.62491354
 -1.62467104]
4000 0.1671111111111111 2.9920212765957452e-05 2.726373727313539e-08 0.20531441399999983 [-1.83119172 -1.83119124 -1.83119081 -1.62587731 -1.62586885 -1.6258601
 -1.62512479]
4000 0.1671111111111111 2.9920212765957452e-05 5.2232206843847786e-08 0.20587695699999986 [-1.83119181 -1.83119137 -1.83119122 -1.62531486 -1.62531206 -1.625308
 -1.62490824]
4000 0.1671111111111111 2.9920212765957452e-05 1.713553355232112e-08 0.20619830399999994 [-1.83118999 -1.83118968 -1.8311896  -1.62499169 -1.62498785 -1.62498682
 -1.62486089]
4000 0.1671111111111111 2.9920212765957452e-05 5.182308905184184e-08 0.20551654200000002 [-1.83118955 -1.83118951 -1.83118937 -1.62567301 -1.62566558 -1.62566089
 -1.62465437]
4000 0.1671111111111111 2.9920212765957452e-05 3.013017708918645e-08 0.20608537900000012 [-1.83119139 -1.83119125 -1.83119084 -1.62510601 -1.62510233 -1.6251012
 -1.62494249]
4000 0.1671111111111111 2.9920212765957452e-05 8.772098052940982e-09 0.20623151899999992 [-1.83118925 -1.83118914 -1.831189   -1.62495773 -1.62495627 -1.62495528
 -1.62468616]
4000 0.1671111111111111 2.9920212765957452e-05 3.011253253914689e-08 0.20600375400000015 [-1.83119198 -1.83119163 -1.83119145 -1.62518823 -1.62518656 -1.62518396
 -1.62502928]
4000 0.1671111111111111 2.9920212765957452e-05 2.3062615370567202e-08 0.20623088299999992 [-1.83118965 -1.8311895  -1.83118942 -1.62495876 -1.62495778 -1.62495504
 -1.62467969]
4000 0.1671111111111111 2.9920212765957452e-05 3.1475513994508064e-08 0.20572743300000007 [-1.83118962 -1.83118956 -1.83118949 -1.62546219 -1.62546043 -1.62545873
 -1.62475545]
4000 0.1671111111111111 2.9920212765957452e-05 4.9226542156714205e-08 0.20577373100000007 [-1.83118947 -1.83118939 -1.83118935 -1.62541574 -1.62541297 -1.62540973
 -1.62491015]
4000 0.1671111111111111 2.9920212765957452e-05 1.9321650914011796e-08 0.20612568399999986 [-1.83119035 -1.83119028 -1.83119004 -1.62506467 -1.62506157 -1.62506058
 -1.62486139]
4000 0.1671111111111111 2.9920212765957452e-05 3.965413539073178e-08 0.20523586299999996 [-1.83119077 -1.83119071 -1.83119059 -1.62595491 -1.62595088 -1.62594722
 -1.6249693 ]
4000 0.1671111111111111 2.9920212765957452e-05 3.020356345966477e-08 0.20596645699999994 [-1.83119215 -1.83119188 -1.83119123 -1.62522569 -1.6252171  -1.62521136
 -1.62481293]
4000 0.1671111111111111 2.9920212765957452e-05 2.6100369050096206e-08 0.20579081500000007 [-1.83119022 -1.83119016 -1.8311901  -1.62539941 -1.62539833 -1.62539646
 -1.62513762]
4000 0.1671111111111111 2.9920212765957452e-05 8.084725548963275e-08 0.20590877799999996 [-1.83118998 -1.83118983 -1.83118978 -1.62528121 -1.62527958 -1.62527864
 -1.62465676]
4000 0.1671111111111111 2.9920212765957452e-05 4.605426255256984e-08 0.20603030599999994 [-1.83119159 -1.83119138 -1.8311912  -1.62516128 -1.62515805 -1.62515651
 -1.62467762]
4000 0.1671111111111111 2.9920212765957452e-05 2.6741589384385285e-08 0.20611757899999983 [-1.83118963 -1.83118958 -1.83118943 -1.62507205 -1.62506901 -1.62506764
 -1.6246046 ]
4000 0.1671111111111111 2.9920212765957452e-05 2.9676792788296683e-08 0.20600358900000004 [-1.83119067 -1.83119045 -1.83119012 -1.62518709 -1.62518117 -1.62517382
 -1.62495833]
4000 0.1671111111111111 2.9920212765957452e-05 6.232549693238504e-08 0.20584906299999983 [-1.8311914  -1.83119095 -1.83119071 -1.62534233 -1.62533355 -1.6253294
 -1.62492979]
4000 0.1671111111111111 2.9920212765957452e-05 6.897819129452609e-08 0.20554759899999997 [-1.83119296 -1.83119259 -1.83119242 -1.62564536 -1.62564214 -1.6256393
 -1.62522446]
4000 0.20033333333333334 2.495840266222962e-05 2.637547469209637e-08 0.20562414400000018 [-1.83118944 -1.83118942 -1.83118937 -1.62556529 -1.62556378 -1.62556208
 -1.62467688]
4000 0.20033333333333334 2.495840266222962e-05 4.218256566541638e-08 0.20633748200000013 [-1.83118947 -1.83118944 -1.83118938 -1.62485199 -1.62485133 -1.62485047
 -1.62461992]
4000 0.20033333333333334 2.495840266222962e-05 6.6639194722873e-08 0.20604970300000014 [-1.83118925 -1.83118918 -1.83118915 -1.62513954 -1.62513869 -1.6251372
 -1.62492315]
4000 0.20033333333333334 2.495840266222962e-05 1.4584378780893066e-08 0.20626297000000005 [-1.83118972 -1.83118963 -1.8311895  -1.62492675 -1.6249256  -1.62492507
 -1.62458726]
4000 0.20033333333333334 2.495840266222962e-05 6.167627699892545e-08 0.20606136500000005 [-1.83118924 -1.83118922 -1.8311892  -1.62512788 -1.62512651 -1.62512577
 -1.62469587]
4000 0.20033333333333334 2.495840266222962e-05 2.4038590849021952e-08 0.20629873100000018 [-1.83118977 -1.83118973 -1.8311897  -1.62489104 -1.62489059 -1.62488964
 -1.62467238]
4000 0.20033333333333334 2.495840266222962e-05 2.6719840664546196e-08 0.20630273100000007 [-1.83118978 -1.8311897  -1.83118967 -1.62488705 -1.62488653 -1.6248853
 -1.62468378]
4000 0.20033333333333334 2.495840266222962e-05 4.5688812510737566e-08 0.20592653900000002 [-1.83118954 -1.83118947 -1.8311894  -1.625263   -1.62526139 -1.62526065
 -1.62488656]
4000 0.20033333333333334 2.495840266222962e-05 1.6715415148946616e-08 0.206038116 [-1.8311893  -1.83118924 -1.83118922 -1.62515118 -1.62515033 -1.62514905
 -1.62480185]
4000 0.20033333333333334 2.495840266222962e-05 4.056870194313052e-08 0.2061320830000002 [-1.83118916 -1.83118913 -1.8311891  -1.62505708 -1.62505642 -1.62505584
 -1.62466787]
4000 0.20033333333333334 2.495840266222962e-05 7.06361171345135e-08 0.20613396000000006 [-1.8311896  -1.83118958 -1.83118956 -1.62505564 -1.62505515 -1.62505439
 -1.62472786]
4000 0.20033333333333334 2.495840266222962e-05 2.6573438796027346e-08 0.20599735000000008 [-1.83118918 -1.83118915 -1.83118912 -1.62519183 -1.62519119 -1.62518998
 -1.62473817]
4000 0.20033333333333334 2.495840266222962e-05 3.518525305689369e-08 0.20608634199999987 [-1.83118947 -1.8311894  -1.83118936 -1.62510313 -1.62510296 -1.62510176
 -1.62478068]
4000 0.20033333333333334 2.495840266222962e-05 2.6263085566526157e-08 0.20548013799999998 [-1.83118984 -1.8311898  -1.83118976 -1.6257097  -1.62570889 -1.62570762
 -1.62472676]
4000 0.20033333333333334 2.495840266222962e-05 2.055162489183827e-08 0.20584585100000008 [-1.83118925 -1.83118923 -1.83118921 -1.6253434  -1.62534244 -1.6253419
 -1.6246149 ]
4000 0.20033333333333334 2.495840266222962e-05 1.665293976273631e-08 0.205876548 [-1.83118978 -1.83118972 -1.83118965 -1.62531323 -1.62531214 -1.62531078
 -1.62472383]
4000 0.20033333333333334 2.495840266222962e-05 4.7163253455766335e-08 0.20582828400000008 [-1.83118956 -1.83118953 -1.83118949 -1.62536128 -1.62535964 -1.62535911
 -1.62481132]
4000 0.20033333333333334 2.495840266222962e-05 2.819594739309163e-08 0.20615000500000003 [-1.83118961 -1.83118953 -1.83118947 -1.6250396  -1.62503696 -1.62503665
 -1.62475908]
4000 0.20033333333333334 2.495840266222962e-05 1.3339483690610539e-08 0.20610117100000003 [-1.83118968 -1.83118962 -1.83118961 -1.62508851 -1.62508809 -1.62508718
 -1.62480385]
4000 0.20033333333333334 2.495840266222962e-05 2.0916375965987853e-08 0.20611136500000016 [-1.8311892  -1.83118915 -1.83118911 -1.62507784 -1.62507638 -1.62507586
 -1.62478475]
4000 0.20033333333333334 2.495840266222962e-05 8.439400364733032e-08 0.2060669260000001 [-1.83118965 -1.83118959 -1.83118956 -1.62512272 -1.62512199 -1.62512092
 -1.62480238]
4000 0.20033333333333334 2.495840266222962e-05 3.679692234173715e-08 0.20627964799999998 [-1.83118959 -1.83118947 -1.83118943 -1.62490994 -1.62490926 -1.62490859
 -1.62477649]
4000 0.20033333333333334 2.495840266222962e-05 3.6686412385769106e-08 0.20594090099999995 [-1.83118929 -1.83118927 -1.83118924 -1.62524839 -1.62524775 -1.62524651
 -1.62464304]
4000 0.20033333333333334 2.495840266222962e-05 1.8141632758984454e-08 0.20607745499999996 [-1.8311895  -1.83118944 -1.83118941 -1.62511204 -1.62511097 -1.62510971
 -1.62498111]
4000 0.20033333333333334 2.495840266222962e-05 6.375786656202833e-08 0.20608776699999987 [-1.83118947 -1.83118946 -1.83118942 -1.62510171 -1.62510138 -1.62510029
 -1.62499664]
4000 0.20033333333333334 2.495840266222962e-05 1.2648577249815932e-08 0.20620993900000006 [-1.83119025 -1.8311902  -1.83119018 -1.62498031 -1.62497967 -1.62497913
 -1.62474307]
4000 0.20033333333333334 2.495840266222962e-05 3.004671277374706e-08 0.20620409699999986 [-1.83118981 -1.83118977 -1.83118968 -1.62498572 -1.62498488 -1.62498449
 -1.62476419]
4000 0.20033333333333334 2.495840266222962e-05 3.3025999305491264e-08 0.206209294 [-1.83118953 -1.8311895  -1.83118948 -1.62498023 -1.62497999 -1.62497974
 -1.62469768]
4000 0.20033333333333334 2.495840266222962e-05 4.6405742819558e-08 0.2061419739999999 [-1.83118994 -1.83118987 -1.83118981 -1.62504797 -1.62504663 -1.62504611
 -1.62498589]
4000 0.20033333333333334 2.495840266222962e-05 3.798029781389654e-08 0.20592863000000006 [-1.83118951 -1.83118947 -1.83118944 -1.62526088 -1.62525955 -1.62525899
 -1.62473558]
4000 0.23355555555555557 2.1408182683158896e-05 4.352055485449325e-08 0.20592901200000013 [-1.83118907 -1.83118906 -1.83118906 -1.62526006 -1.62525969 -1.62525955
 -1.62465895]
4000 0.23355555555555557 2.1408182683158896e-05 2.263474164649096e-08 0.20598750500000018 [-1.83118915 -1.83118915 -1.83118914 -1.62520164 -1.62520148 -1.62520138
 -1.62481668]
4000 0.23355555555555557 2.1408182683158896e-05 2.407095459452698e-08 0.20620597500000004 [-1.83118893 -1.83118893 -1.83118892 -1.62498296 -1.62498282 -1.62498272
 -1.62472586]
4000 0.23355555555555557 2.1408182683158896e-05 2.5125801808956665e-08 0.20638274699999992 [-1.83118887 -1.83118887 -1.83118886 -1.62480613 -1.62480598 -1.62480592
 -1.62458915]
4000 0.23355555555555557 2.1408182683158896e-05 1.4988529957103706e-08 0.20603611899999996 [-1.83118908 -1.83118908 -1.83118907 -1.62515296 -1.62515283 -1.62515261
 -1.62484256]
4000 0.23355555555555557 2.1408182683158896e-05 1.3081962562107868e-08 0.20620262100000009 [-1.83118889 -1.83118888 -1.83118888 -1.62498627 -1.624986   -1.62498573
 -1.62463888]
4000 0.23355555555555557 2.1408182683158896e-05 3.073484552286035e-08 0.20597497700000011 [-1.83118932 -1.83118932 -1.83118931 -1.62521434 -1.62521416 -1.6252137
 -1.62489037]
4000 0.23355555555555557 2.1408182683158896e-05 3.0199445403277975e-08 0.2057951899999999 [-1.83118927 -1.83118927 -1.83118926 -1.62539408 -1.62539383 -1.62539348
 -1.62472685]
4000 0.23355555555555557 2.1408182683158896e-05 4.1690281465647765e-08 0.20621280200000003 [-1.83118902 -1.83118901 -1.83118901 -1.62497621 -1.62497612 -1.62497598
 -1.62469833]
4000 0.23355555555555557 2.1408182683158896e-05 2.7281802862578297e-08 0.2063574050000001 [-1.83118892 -1.83118891 -1.83118891 -1.62483151 -1.62483131 -1.62483122
 -1.62467686]
4000 0.23355555555555557 2.1408182683158896e-05 7.845666371199859e-08 0.20637209299999992 [-1.83118882 -1.83118882 -1.83118882 -1.62481673 -1.62481657 -1.6248165
 -1.62474027]
4000 0.23355555555555557 2.1408182683158896e-05 3.888827830289912e-08 0.2058495440000001 [-1.83118908 -1.83118907 -1.83118907 -1.62533953 -1.62533876 -1.62533859
 -1.62477954]
4000 0.23355555555555557 2.1408182683158896e-05 2.2012555906674417e-08 0.20608334299999997 [-1.83118893 -1.83118892 -1.83118892 -1.62510559 -1.62510548 -1.62510533
 -1.624673  ]
4000 0.23355555555555557 2.1408182683158896e-05 2.9508989936253134e-08 0.20594746199999991 [-1.83118903 -1.83118903 -1.83118903 -1.62524157 -1.62524151 -1.62524135
 -1.62460956]
4000 0.23355555555555557 2.1408182683158896e-05 4.464746853442596e-08 0.2058937209999998 [-1.83118914 -1.83118914 -1.83118913 -1.62529542 -1.62529495 -1.62529462
 -1.62490008]
4000 0.23355555555555557 2.1408182683158896e-05 1.529026765108443e-08 0.20625400900000002 [-1.83118899 -1.83118898 -1.83118898 -1.62493499 -1.62493478 -1.6249345
 -1.6247751 ]
4000 0.23355555555555557 2.1408182683158896e-05 2.2485367429866657e-08 0.2062564870000001 [-1.83118896 -1.83118895 -1.83118895 -1.62493248 -1.62493216 -1.62493208
 -1.6247688 ]
4000 0.23355555555555557 2.1408182683158896e-05 4.575142126710317e-08 0.20615934200000008 [-1.83118909 -1.83118908 -1.83118907 -1.62502974 -1.62502941 -1.62502928
 -1.62487448]
4000 0.23355555555555557 2.1408182683158896e-05 2.146351560164554e-08 0.20605402500000003 [-1.83118915 -1.83118914 -1.83118914 -1.62513513 -1.62513445 -1.6251344
 -1.62507262]
4000 0.23355555555555557 2.1408182683158896e-05 1.4651060068779683e-08 0.206184551 [-1.83118896 -1.83118896 -1.83118894 -1.62500441 -1.62500424 -1.62500409
 -1.62471972]
4000 0.23355555555555557 2.1408182683158896e-05 1.757808151488252e-08 0.20616422200000017 [-1.83118903 -1.83118902 -1.83118902 -1.6250248  -1.62502453 -1.62502437
 -1.62460422]
4000 0.23355555555555557 2.1408182683158896e-05 3.559289239753864e-08 0.20631735499999992 [-1.831189   -1.83118899 -1.83118899 -1.62487164 -1.62487154 -1.62487141
 -1.62458519]
4000 0.23355555555555557 2.1408182683158896e-05 4.3651505423620576e-08 0.20624020099999996 [-1.83118889 -1.83118889 -1.83118889 -1.62494869 -1.62494862 -1.62494853
 -1.62472283]
4000 0.23355555555555557 2.1408182683158896e-05 3.040078443576744e-08 0.20624581600000003 [-1.83118888 -1.83118888 -1.83118888 -1.62494306 -1.62494296 -1.6249429
 -1.62485941]
4000 0.23355555555555557 2.1408182683158896e-05 4.2045822796666695e-08 0.20590955899999996 [-1.83118941 -1.8311894  -1.8311894  -1.62527985 -1.62527945 -1.6252794
 -1.62492504]
4000 0.23355555555555557 2.1408182683158896e-05 6.15653529303958e-08 0.2059392579999999 [-1.83118907 -1.83118907 -1.83118906 -1.62524982 -1.6252494  -1.62524903
 -1.62481148]
4000 0.23355555555555557 2.1408182683158896e-05 1.623644900992402e-08 0.2063098440000002 [-1.83118894 -1.83118893 -1.83118892 -1.6248791  -1.624879   -1.62487893
 -1.62464552]
4000 0.23355555555555557 2.1408182683158896e-05 1.948279763768068e-08 0.20628649499999985 [-1.83118899 -1.83118897 -1.83118897 -1.62490249 -1.62490192 -1.6249018
 -1.62481642]
4000 0.23355555555555557 2.1408182683158896e-05 1.632215619515616e-08 0.2061509079999999 [-1.83118898 -1.83118898 -1.83118898 -1.62503807 -1.62503795 -1.62503791
 -1.6248796 ]
4000 0.23355555555555557 2.1408182683158896e-05 9.092704380749775e-08 0.20601276899999998 [-1.83118914 -1.83118914 -1.83118912 -1.62517637 -1.62517616 -1.6251756
 -1.62470181]
4000 0.2667777777777778 1.874219075385256e-05 2.9033224585031526e-08 0.20612629800000004 [-1.83118892 -1.83118892 -1.83118892 -1.62506263 -1.6250626  -1.62506252
 -1.62487774]
4000 0.2667777777777778 1.874219075385256e-05 1.8048784982953478e-08 0.20608541999999996 [-1.83118893 -1.83118893 -1.83118892 -1.62510351 -1.62510347 -1.62510338
 -1.62468832]
4000 0.2667777777777778 1.874219075385256e-05 2.2833432298848823e-08 0.20610694900000004 [-1.83118892 -1.83118892 -1.83118892 -1.62508197 -1.62508192 -1.62508187
 -1.62475744]
4000 0.2667777777777778 1.874219075385256e-05 2.190999114017547e-08 0.20615544399999997 [-1.83118888 -1.83118888 -1.83118888 -1.62503343 -1.6250334  -1.62503333
 -1.62459588]
4000 0.2667777777777778 1.874219075385256e-05 1.9076591351510737e-08 0.20602501799999984 [-1.83118907 -1.83118907 -1.83118907 -1.62516405 -1.62516398 -1.62516377
 -1.62461021]
4000 0.2667777777777778 1.874219075385256e-05 3.2663106750888904e-08 0.20637876100000008 [-1.83118879 -1.83118879 -1.83118879 -1.62481003 -1.62481001 -1.62480999
 -1.62458371]
4000 0.2667777777777778 1.874219075385256e-05 3.1057597751296486e-08 0.20594540299999986 [-1.83118902 -1.83118902 -1.83118901 -1.62524361 -1.62524347 -1.6252434
 -1.62480593]
4000 0.2667777777777778 1.874219075385256e-05 2.8636682615076017e-08 0.20577833999999995 [-1.83118917 -1.83118917 -1.83118917 -1.62541083 -1.62541066 -1.62541054
 -1.62476651]
4000 0.2667777777777778 1.874219075385256e-05 3.308445316328516e-08 0.2062469360000001 [-1.83118888 -1.83118888 -1.83118887 -1.62494194 -1.62494188 -1.62494179
 -1.62462613]
4000 0.2667777777777778 1.874219075385256e-05 2.8013457316950058e-08 0.2061701429999998 [-1.83118885 -1.83118885 -1.83118885 -1.62501871 -1.62501866 -1.62501864
 -1.62461469]
4000 0.2667777777777778 1.874219075385256e-05 8.701564588580354e-08 0.20623777599999982 [-1.83118883 -1.83118883 -1.83118883 -1.62495106 -1.62495104 -1.624951
 -1.62459228]
4000 0.2667777777777778 1.874219075385256e-05 5.442196193577381e-08 0.20614117200000015 [-1.83118892 -1.83118892 -1.83118892 -1.62504775 -1.62504772 -1.62504765
 -1.6247659 ]
4000 0.2667777777777778 1.874219075385256e-05 2.7141829951378795e-08 0.20622439800000003 [-1.83118892 -1.83118892 -1.83118892 -1.62496452 -1.6249645  -1.62496442
 -1.62473855]
4000 0.2667777777777778 1.874219075385256e-05 5.676801923094914e-08 0.20634064600000013 [-1.83118884 -1.83118884 -1.83118884 -1.6248482  -1.62484812 -1.6248481
 -1.62459967]
4000 0.2667777777777778 1.874219075385256e-05 2.3219223076951182e-08 0.20587355400000007 [-1.83118904 -1.83118904 -1.83118904 -1.62531549 -1.62531541 -1.62531534
 -1.62468344]
4000 0.2667777777777778 1.874219075385256e-05 1.7879720237322967e-08 0.20610432899999998 [-1.83118893 -1.83118893 -1.83118893 -1.6250846  -1.62508451 -1.62508441
 -1.62465368]
4000 0.2667777777777778 1.874219075385256e-05 1.944406999262775e-08 0.2062311080000001 [-1.8311889  -1.8311889  -1.8311889  -1.62495779 -1.6249577  -1.62495768
 -1.62460249]
4000 0.2667777777777778 1.874219075385256e-05 2.0493801033650585e-08 0.20608517400000004 [-1.8311889  -1.8311889  -1.8311889  -1.62510373 -1.62510367 -1.62510358
 -1.62467088]
4000 0.2667777777777778 1.874219075385256e-05 3.656093476200385e-08 0.20613876399999986 [-1.83118889 -1.83118889 -1.83118889 -1.62505013 -1.62505002 -1.62504997
 -1.62461254]
4000 0.2667777777777778 1.874219075385256e-05 2.3946503109943973e-08 0.20616352900000012 [-1.83118886 -1.83118886 -1.83118886 -1.62502533 -1.62502528 -1.62502525
 -1.6247109 ]
4000 0.2667777777777778 1.874219075385256e-05 3.0447866939123315e-08 0.2061357210000001 [-1.83118893 -1.83118893 -1.83118893 -1.62505321 -1.62505309 -1.62505305
 -1.62459393]
4000 0.2667777777777778 1.874219075385256e-05 1.5851180378742764e-08 0.20618996700000003 [-1.83118889 -1.83118888 -1.83118888 -1.62499892 -1.62499887 -1.62499882
 -1.62460679]
4000 0.2667777777777778 1.874219075385256e-05 3.577522506732673e-08 0.20636046200000013 [-1.83118881 -1.83118881 -1.83118881 -1.62482835 -1.62482833 -1.62482831
 -1.62462115]
4000 0.2667777777777778 1.874219075385256e-05 1.9890301709137027e-08 0.20593093800000006 [-1.83118901 -1.83118901 -1.831189   -1.62525807 -1.62525802 -1.62525797
 -1.62461586]
4000 0.2667777777777778 1.874219075385256e-05 2.1760086283140375e-08 0.20620300700000005 [-1.83118897 -1.83118897 -1.83118896 -1.62498596 -1.62498592 -1.62498586
 -1.62488075]
4000 0.2667777777777778 1.874219075385256e-05 2.4500509309463667e-08 0.20585028799999994 [-1.83118917 -1.83118917 -1.83118917 -1.62533888 -1.6253388  -1.62533871
 -1.62497606]
4000 0.2667777777777778 1.874219075385256e-05 6.127283796048895e-08 0.20597129800000014 [-1.83118903 -1.83118902 -1.83118902 -1.62521773 -1.62521769 -1.62521758
 -1.62482182]
4000 0.2667777777777778 1.874219075385256e-05 1.9374237554789036e-08 0.20632757300000004 [-1.83118887 -1.83118886 -1.83118886 -1.62486129 -1.62486127 -1.62486115
 -1.62458653]
4000 0.2667777777777778 1.874219075385256e-05 5.382939370611665e-08 0.206258257 [-1.83118886 -1.83118886 -1.83118885 -1.6249306  -1.62493057 -1.62493054
 -1.62472382]
4000 0.2667777777777778 1.874219075385256e-05 5.735583377371047e-08 0.20614657600000008 [-1.83118894 -1.83118894 -1.83118894 -1.62504236 -1.62504229 -1.62504226
 -1.62483481]
4000 0.3 1.6666666666666667e-05 3.411688794115557e-08 0.206400994 [-1.83118874 -1.83118874 -1.83118874 -1.62478774 -1.62478774 -1.62478774
 -1.62461462]
4000 0.3 1.6666666666666667e-05 3.976755313373559e-08 0.20627884900000004 [-1.83118878 -1.83118878 -1.83118878 -1.62490993 -1.62490992 -1.62490991
 -1.62469471]
4000 0.3 1.6666666666666667e-05 1.8705319283638128e-08 0.20635176900000007 [-1.83118876 -1.83118876 -1.83118876 -1.62483699 -1.62483698 -1.62483697
 -1.62462153]
4000 0.3 1.6666666666666667e-05 4.285531123759813e-08 0.2064444649999999 [-1.83118872 -1.83118872 -1.83118872 -1.62474426 -1.62474425 -1.62474425
 -1.62457278]
4000 0.3 1.6666666666666667e-05 4.613711192804387e-08 0.20602371899999983 [-1.83118889 -1.83118889 -1.83118889 -1.62516518 -1.62516516 -1.62516515
 -1.62465671]
4000 0.3 1.6666666666666667e-05 3.0670965915013855e-08 0.20629880000000012 [-1.83118878 -1.83118878 -1.83118878 -1.62488998 -1.62488998 -1.62488997
 -1.62472094]
4000 0.3 1.6666666666666667e-05 2.4094580792514512e-08 0.20640226399999984 [-1.83118873 -1.83118873 -1.83118873 -1.62478647 -1.62478647 -1.62478647
 -1.62465702]
4000 0.3 1.6666666666666667e-05 3.324333715597003e-08 0.206487981 [-1.83118873 -1.83118873 -1.83118873 -1.62470075 -1.62470074 -1.62470074
 -1.62458372]
4000 0.3 1.6666666666666667e-05 4.292211272141308e-08 0.20581889999999992 [-1.8311891  -1.8311891  -1.8311891  -1.6253702  -1.62537016 -1.62537016
 -1.62496543]
4000 0.3 1.6666666666666667e-05 3.7143053801060655e-08 0.206214173 [-1.83118881 -1.83118881 -1.83118881 -1.62497463 -1.62497463 -1.62497461
 -1.624687  ]
4000 0.3 1.6666666666666667e-05 2.578528237533129e-08 0.20632174299999995 [-1.83118875 -1.83118875 -1.83118875 -1.62486701 -1.62486701 -1.624867
 -1.6246641 ]
4000 0.3 1.6666666666666667e-05 1.8692057899875883e-08 0.20618706600000003 [-1.8311888  -1.8311888  -1.8311888  -1.62500174 -1.62500173 -1.62500173
 -1.62460388]
4000 0.3 1.6666666666666667e-05 1.9810621769776696e-08 0.20626226300000017 [-1.8311888  -1.8311888  -1.8311888  -1.62492654 -1.62492653 -1.62492652
 -1.62480954]
4000 0.3 1.6666666666666667e-05 1.4529276501245394e-08 0.20623661699999984 [-1.83118879 -1.83118879 -1.83118879 -1.62495218 -1.62495217 -1.62495217
 -1.62466208]
4000 0.3 1.6666666666666667e-05 2.3432534774856e-08 0.206355203 [-1.83118874 -1.83118874 -1.83118874 -1.62483354 -1.62483354 -1.62483353
 -1.62459335]
4000 0.3 1.6666666666666667e-05 6.7453303082818154e-09 0.206076033 [-1.83118888 -1.83118888 -1.83118888 -1.62511285 -1.62511283 -1.62511282
 -1.62473726]
4000 0.3 1.6666666666666667e-05 1.9362865397612323e-08 0.20637795700000017 [-1.83118874 -1.83118874 -1.83118874 -1.62481078 -1.62481078 -1.62481078
 -1.6245751 ]
4000 0.3 1.6666666666666667e-05 4.212764637672057e-08 0.20638627900000017 [-1.83118874 -1.83118874 -1.83118874 -1.62480246 -1.62480246 -1.62480245
 -1.62469162]
4000 0.3 1.6666666666666667e-05 3.021648767314724e-08 0.206378065 [-1.83118874 -1.83118874 -1.83118874 -1.62481067 -1.62481067 -1.62481066
 -1.62457886]
4000 0.3 1.6666666666666667e-05 2.1964754547720355e-08 0.206237365 [-1.83118882 -1.83118882 -1.83118882 -1.62495145 -1.62495144 -1.62495143
 -1.62481047]
4000 0.3 1.6666666666666667e-05 4.320315734736622e-08 0.206410977 [-1.83118875 -1.83118875 -1.83118875 -1.62477778 -1.62477777 -1.62477777
 -1.62472168]
4000 0.3 1.6666666666666667e-05 5.3801068303407217e-08 0.20588840200000003 [-1.83118903 -1.83118903 -1.83118903 -1.62530062 -1.62530061 -1.62530061
 -1.62484224]
4000 0.3 1.6666666666666667e-05 1.9447322677759698e-08 0.20651234400000007 [-1.83118872 -1.83118872 -1.83118872 -1.62467637 -1.62467637 -1.62467637
 -1.62458344]
4000 0.3 1.6666666666666667e-05 3.952673408827599e-08 0.20614411499999985 [-1.83118884 -1.83118884 -1.83118884 -1.62504472 -1.62504472 -1.6250447
 -1.62476237]
4000 0.3 1.6666666666666667e-05 3.0700718182145225e-08 0.20618928699999994 [-1.83118881 -1.83118881 -1.83118881 -1.62499952 -1.62499951 -1.6249995
 -1.62463973]
4000 0.3 1.6666666666666667e-05 3.3516871797843034e-08 0.2062950939999999 [-1.83118877 -1.83118877 -1.83118877 -1.62489368 -1.62489367 -1.62489367
 -1.62471   ]
4000 0.3 1.6666666666666667e-05 2.967802250303098e-08 0.2062516190000001 [-1.83118878 -1.83118878 -1.83118878 -1.62493716 -1.62493716 -1.62493715
 -1.62466873]
4000 0.3 1.6666666666666667e-05 1.1494269741490688e-08 0.20625396299999998 [-1.83118879 -1.83118879 -1.83118879 -1.62493482 -1.62493482 -1.62493481
 -1.62465536]
4000 0.3 1.6666666666666667e-05 1.0171333375334605e-08 0.20626768900000014 [-1.83118877 -1.83118877 -1.83118877 -1.62492108 -1.62492108 -1.62492107
 -1.62461308]
4000 0.3 1.6666666666666667e-05 2.252736552460581e-08 0.20607025700000015 [-1.83118887 -1.83118887 -1.83118887 -1.62511861 -1.6251186  -1.6251186
 -1.62462176]
4000 0.001 0.0275 1.4871072124088823e-06 0.15128103199999998 [3.08658272 3.09264106 3.09795445 3.23786375 3.24900502 3.25434909
 3.25556516]
4000 0.001 0.0275 1.5568689297979708e-06 0.11224340099999974 [3.07403238 3.08000737 3.09544802 3.18627578 3.19502564 3.21741717
 3.22580759]
4000 0.001 0.0275 1.7757883825556858e-06 0.16449728900000027 [3.0827376  3.08960026 3.09383061 3.24723489 3.25946491 3.2625243
 3.26651146]
4000 0.001 0.0275 1.6189136838923954e-06 0.12710670199999985 [3.09608574 3.09863316 3.10043636 3.22319244 3.23077586 3.2350041
 3.2574506 ]
4000 0.001 0.0275 1.5743753411130763e-06 0.1557218800000002 [3.07294949 3.08442214 3.09608499 3.22867137 3.24835664 3.2515565
 3.25470761]
4000 0.001 0.0275 1.9045146860666192e-06 0.1414949769999998 [3.07572186 3.08512142 3.0939001  3.21721683 3.23099405 3.23391618
 3.24323517]
4000 0.001 0.0275 1.6290843719144948e-06 0.1583036149999999 [3.08410178 3.09157177 3.09439313 3.2424054  3.24979037 3.25327318
 3.25922485]
4000 0.001 0.0275 1.8309872865737896e-06 0.15187176600000019 [3.09998425 3.10102511 3.1039578  3.25185601 3.25762722 3.26635169
 3.28000638]
4000 0.001 0.0275 1.4745159534222175e-06 0.1427761409999997 [3.08150243 3.09075656 3.09626598 3.22427857 3.22908345 3.23177638
 3.23950227]
4000 0.001 0.0275 1.4600676052507613e-06 0.12667454000000022 [3.08604457 3.08847845 3.09971719 3.21271911 3.21869265 3.2333737
 3.23971415]
4000 0.001 0.0275 1.7527325956197905e-06 0.1204861359999998 [3.08858923 3.09488171 3.09929268 3.20907536 3.22847495 3.2394513
 3.24246073]
4000 0.001 0.0275 1.6108200538899152e-06 0.14991971199999998 [3.08945279 3.09344597 3.09784562 3.2393725  3.24803144 3.25525617
 3.25815158]
4000 0.001 0.0275 1.9919429511108525e-06 0.11652182899999985 [3.07904553 3.0826846  3.09876566 3.19556736 3.20689832 3.22329096
 3.23097039]
4000 0.001 0.0275 1.6076520923204859e-06 0.15870161400000038 [3.09383895 3.0973631  3.10271963 3.25254057 3.25889824 3.26417727
 3.26671415]
4000 0.001 0.0275 1.311574119633034e-06 0.16571738699999994 [3.09254732 3.09581921 3.10005916 3.25826471 3.26490961 3.27425467
 3.27733964]
4000 0.001 0.0275 1.4557199096519816e-06 0.13484293899999988 [3.09680428 3.10027412 3.10170773 3.23164722 3.23677266 3.25229872
 3.26062919]
4000 0.001 0.0275 1.8608007886704085e-06 0.15834029400000027 [3.07851729 3.08509452 3.0894848  3.23685759 3.24140758 3.24776108
 3.25127476]
4000 0.001 0.0275 1.450979745124355e-06 0.14468147400000042 [3.08470799 3.09075906 3.09415988 3.22938947 3.23435786 3.24321899
 3.25658306]
4000 0.001 0.0275 1.3609002891003989e-06 0.169503744 [3.08361137 3.09340454 3.09894131 3.25311512 3.25533948 3.25818584
 3.26197317]
4000 0.001 0.0275 1.4340988299290664e-06 0.15506455699999977 [3.08792684 3.09253398 3.10003517 3.24299139 3.24993065 3.25473259
 3.26260334]
4000 0.001 0.0275 1.6210151884660005e-06 0.14772391699999998 [3.09527639 3.09817295 3.10031595 3.24300031 3.24576322 3.24939305
 3.26525091]
4000 0.001 0.0275 1.6238697429244742e-06 0.169240281 [3.10032985 3.10188971 3.10363219 3.26957013 3.27265282 3.27959155
 3.28321893]
4000 0.001 0.0275 1.6763997395201106e-06 0.1461351310000003 [3.08912634 3.09470039 3.09996952 3.23526147 3.23775752 3.25631728
 3.25902169]
4000 0.001 0.0275 1.146927624355614e-06 0.1268500109999997 [3.08841372 3.0949983  3.10002042 3.21526373 3.22391842 3.24141066
 3.2468071 ]
4000 0.001 0.0275 1.3764903609818089e-06 0.12265322500000009 [3.07910592 3.08230662 3.0969284  3.20175915 3.22955743 3.23206279
 3.23552354]
4000 0.001 0.0275 1.8075449643639113e-06 0.1476483489999998 [3.09342483 3.09695637 3.10179161 3.24107318 3.25424447 3.25753369
 3.26543757]
4000 0.001 0.0275 1.4990584788923733e-06 0.16103263699999992 [3.08849289 3.08928552 3.09890019 3.24952552 3.25546283 3.26722168
 3.26972239]
4000 0.001 0.0275 1.31737857552301e-06 0.1556036559999998 [3.09709451 3.09952186 3.10041216 3.25269816 3.2655785  3.26835951
 3.27365828]
4000 0.001 0.0275 1.2702592064843624e-06 0.13463456099999993 [3.05575647 3.07986228 3.0883242  3.19039104 3.20723263 3.22161856
 3.22696867]
4000 0.001 0.0275 1.6273177150552158e-06 0.17200449499999992 [3.09855077 3.10023264 3.10199969 3.27055527 3.27172339 3.27492575
 3.28219118]
4000 0.03422222222222222 0.0008035714285714286 1.4617194208356012e-06 0.14866831099999978 [3.05104849 3.07264915 3.08271338 3.1997168  3.21677061 3.22553616
 3.23377259]
4000 0.03422222222222222 0.0008035714285714286 1.405278506889726e-06 0.154753645 [3.07161213 3.08826272 3.09466918 3.22636578 3.23856025 3.25746209
 3.26135308]
4000 0.03422222222222222 0.0008035714285714286 1.5172608047905676e-06 0.14154990599999984 [3.08838892 3.09050113 3.09464144 3.22993883 3.23834687 3.24417119
 3.25174608]
4000 0.03422222222222222 0.0008035714285714286 1.47019910003137e-06 0.12639693600000035 [3.08053887 3.09043927 3.09447223 3.20693581 3.21069154 3.22301179
 3.22857947]
4000 0.03422222222222222 0.0008035714285714286 1.5559991714652837e-06 0.16245284999999976 [3.08507857 3.09185074 3.09678307 3.24753142 3.2532532  3.26256384
 3.26367553]
4000 0.03422222222222222 0.0008035714285714286 1.3810735486457252e-06 0.12444151999999997 [3.08790554 3.09067319 3.09729614 3.21234706 3.22019207 3.23251228
 3.24460294]
4000 0.03422222222222222 0.0008035714285714286 1.7143680009792849e-06 0.15426014399999977 [3.09767832 3.10019818 3.10248937 3.25193846 3.25686813 3.26517126
 3.26855238]
4000 0.03422222222222222 0.0008035714285714286 1.5985898044501632e-06 0.1400600489999997 [3.09019852 3.09641124 3.10116614 3.23025857 3.2388392  3.24386642
 3.25178901]
4000 0.03422222222222222 0.0008035714285714286 1.8294356027672384e-06 0.1433102110000002 [3.08822048 3.09515809 3.09948504 3.2315307  3.23698209 3.24439765
 3.25112177]
4000 0.03422222222222222 0.0008035714285714286 1.7425789510276989e-06 0.15028630499999984 [3.08972518 3.09338003 3.10074939 3.24001148 3.2521503  3.26127423
 3.26467718]
4000 0.03422222222222222 0.0008035714285714286 1.2811853294050625e-06 0.16060640400000015 [3.09612657 3.10037985 3.10312524 3.25673298 3.26033566 3.26807318
 3.27639249]
4000 0.03422222222222222 0.0008035714285714286 1.4824051125352614e-06 0.15720086799999988 [3.08274746 3.08388276 3.09986248 3.23994833 3.24957215 3.25327464
 3.25516692]
4000 0.03422222222222222 0.0008035714285714286 1.66273741482465e-06 0.16627541199999962 [3.08299293 3.08861104 3.09746274 3.24926834 3.25531638 3.25616205
 3.26577833]
4000 0.03422222222222222 0.0008035714285714286 1.4321543735182993e-06 0.16492555100000006 [3.09957345 3.10206596 3.10482232 3.264499   3.265986   3.27375595
 3.27737741]
4000 0.03422222222222222 0.0008035714285714286 1.3419271078548822e-06 0.14631470800000024 [3.07587415 3.08974348 3.09198754 3.22218886 3.22980102 3.23712431
 3.24300181]
