4000 0.05 0.0002 1.6881122692960629e-07 0.2003246740000002  -1.418636809 -1.418529302 -1.418454742 -1.218312135 -1.217589151 -1.216969408 -1.215778001
3900 0.05 0.0002 1.9184881406875718e-07 0.201590575  -1.418638776 -1.418602296 -1.418552539 -1.217048201 -1.216893219 -1.216497918 -1.214684457
3900 0.05 0.0002 1.6963381749260992e-07 0.20315366700000004  -1.418497523 -1.418470602 -1.418414383 -1.215343856 -1.21493929 -1.214454907 -1.214260462
3900 0.05 0.0002 1.407412410678593e-07 0.20354467399999998  -1.418518741 -1.418453423 -1.418368535 -1.214974067 -1.214609998 -1.214343072 -1.212945584
3900 0.05 0.0002 2.0492575226347375e-07 0.203844103  -1.418563914 -1.418517751 -1.418378658 -1.214719811 -1.213970259 -1.213514212 -1.213176973
3900 0.05 0.0002 1.8771014092746885e-07 0.20379270699999985  -1.418526456 -1.418467888 -1.418461175 -1.214733749 -1.214241905 -1.213805307 -1.213561359
3900 0.05 0.0002 1.5430418804154987e-07 0.19889974099999996  -1.41869069 -1.418465337 -1.418422886 -1.219790949 -1.218534031 -1.217867543 -1.214717602
3900 0.05 0.0002 1.650568270909007e-07 0.20357214600000018  -1.418539597 -1.418477277 -1.418445519 -1.214967451 -1.214350029 -1.213982924 -1.213365944
3900 0.05 0.0002 1.6493635455035876e-07 0.20380531899999998  -1.418725756 -1.418605198 -1.418469404 -1.214920437 -1.214811617 -1.214441414 -1.2143335
3900 0.05 0.0002 1.805553333487137e-07 0.20272988599999997  -1.418525663 -1.418445494 -1.418375752 -1.215795777 -1.215411499 -1.215201935 -1.213318713
3900 0.05 0.0002 1.89736149082484e-07 0.2012927729999998  -1.418526649 -1.418450852 -1.41836198 -1.217233876 -1.216771257 -1.216595146 -1.214519126
3900 0.05 0.0002 1.770922977206957e-07 0.2029968659999999  -1.418559357 -1.418474706 -1.418409237 -1.215562491 -1.215367582 -1.21504875 -1.21397307
3900 0.05 0.0002 1.6858919938030338e-07 0.20031708699999995  -1.418667498 -1.418572324 -1.418524319 -1.218350411 -1.216927692 -1.216769238 -1.216373151
3900 0.05 0.0002 1.7583483651893222e-07 0.2031068170000001  -1.418600893 -1.418528811 -1.418475815 -1.215494076 -1.215248405 -1.214633052 -1.213919827
3900 0.05 0.0002 2.0197755942821692e-07 0.20270241899999997  -1.418632951 -1.4185343 -1.418480043 -1.215930532 -1.215740653 -1.215607727 -1.214312093
3900 0.05 0.0002 1.9742726222847828e-07 0.20193318299999996  -1.418740231 -1.418660469 -1.418467076 -1.216807048 -1.216038757 -1.215424049 -1.215200483
3900 0.05 0.0002 1.7759696106228267e-07 0.20248894800000006  -1.418679468 -1.418557396 -1.418392961 -1.21619052 -1.215976261 -1.214658435 -1.214421365
3900 0.05 0.0002 2.026354515190452e-07 0.20016342100000006  -1.418543246 -1.41848565 -1.418462978 -1.218379825 -1.218004331 -1.217103883 -1.215514564
3900 0.05 0.0002 2.0739627775811748e-07 0.20447502100000015  -1.418532678 -1.418439822 -1.418412435 -1.214057657 -1.213670178 -1.213381773 -1.213027822
3900 0.05 0.0002 2.2178877068795443e-07 0.2029658889999999  -1.418520595 -1.418461184 -1.41842807 -1.215554706 -1.215090882 -1.214898607 -1.213762935
3900 0.05 0.0002 1.6830377962264983e-07 0.20238039099999994  -1.418711818 -1.418665215 -1.418556543 -1.216331427 -1.216072917 -1.215790207 -1.214839841
3900 0.05 0.0002 2.103566498522776e-07 0.20284533299999996  -1.418608053 -1.418538006 -1.418430429 -1.21576272 -1.215381061 -1.214832558 -1.214716086
3900 0.05 0.0002 2.0843013094846492e-07 0.20111313799999997  -1.418591573 -1.418457122 -1.418412144 -1.217478435 -1.217207039 -1.216841309 -1.213619459
3900 0.05 0.0002 1.7185362681992704e-07 0.20092844799999998  -1.418509893 -1.418453609 -1.418399839 -1.217581445 -1.217229054 -1.216509386 -1.214193454
3900 0.05 0.0002 1.7955843260825336e-07 0.19956884499999994  -1.418548857 -1.418494243 -1.418399281 -1.218980012 -1.218429384 -1.217625926 -1.215551947
3900 0.05 0.0002 1.7247269428257206e-07 0.20140508200000018  -1.418688769 -1.418597792 -1.418544206 -1.217283687 -1.216839446 -1.216678728 -1.215087959
3900 0.05 0.0002 1.944006508271228e-07 0.20245421900000005  -1.418588444 -1.418504225 -1.418455565 -1.216134225 -1.216046503 -1.215089148 -1.21496652
3900 0.05 0.0002 1.919348330657399e-07 0.20292198999999989  -1.418650402 -1.418519593 -1.418481186 -1.215728412 -1.215235806 -1.214619423 -1.213817758
3900 0.05 0.0002 1.7371262578679575e-07 0.20395574699999997  -1.41864462 -1.418557553 -1.418404534 -1.214688873 -1.214450709 -1.214255104 -1.213982817
3900 0.05 0.0002 2.005257446368334e-07 0.20199663999999995  -1.418594487 -1.418464458 -1.418387843 -1.216597847 -1.216078112 -1.215638063 -1.213741679
3900 0.05 0.0002 1.6812518590667403e-07 0.200465326  -1.41858548 -1.418533963 -1.418474502 -1.218120154 -1.217834965 -1.217018337 -1.21589184
3950 0.05 0.0002 2.0353667008958816e-07 0.1997238910000001  -1.393743261 -1.393682297 -1.393552468 -1.19401937 -1.193394465 -1.192743063 -1.18964031
3950 0.05 0.0002 1.8727293365887065e-07 0.20239229199999986  -1.393864557 -1.393776673 -1.393645313 -1.191472265 -1.191001298 -1.189825699 -1.189406268
3950 0.05 0.0002 2.1006324177954734e-07 0.20376192199999998  -1.393817924 -1.393671363 -1.393585051 -1.190056002 -1.189857517 -1.189144444 -1.188959246
3950 0.05 0.0002 1.9726247963433294e-07 0.20349064500000003  -1.393732166 -1.393702412 -1.393675618 -1.190241521 -1.189801162 -1.189242767 -1.18856887
3950 0.05 0.0002 1.588521924558108e-07 0.20110457400000015  -1.393806434 -1.393608427 -1.393538719 -1.19270186 -1.192314359 -1.191232158 -1.189604058
3950 0.05 0.0002 2.040119762809364e-07 0.203557357  -1.393641284 -1.393583367 -1.393556114 -1.190083927 -1.189897569 -1.189712874 -1.188281612
3950 0.05 0.0002 1.8495912643644205e-07 0.204102373  -1.393739059 -1.393626685 -1.393517551 -1.189636686 -1.189293629 -1.188786705 -1.188278954
3950 0.05 0.0002 2.272551194769598e-07 0.20050926999999996  -1.393890193 -1.393729266 -1.393645026 -1.193380923 -1.192808345 -1.191550026 -1.190468469
3950 0.05 0.0002 1.3678563060030323e-07 0.20221150900000007  -1.393853945 -1.393762655 -1.39358053 -1.191642436 -1.191341922 -1.19088221 -1.189318902
3950 0.05 0.0002 1.999669229294541e-07 0.201473252  -1.393989542 -1.393941484 -1.393814987 -1.19251629 -1.191341822 -1.191088742 -1.190401445
3950 0.05 0.0002 1.7516769673371186e-07 0.20153368000000005  -1.393807657 -1.393725391 -1.393632563 -1.192273977 -1.191346701 -1.19069883 -1.190358763
3950 0.05 0.0002 1.6102185679761406e-07 0.20374063899999983  -1.393663913 -1.3935571 -1.393528108 -1.189923274 -1.189773913 -1.189640102 -1.187855514
3950 0.05 0.0002 1.751541878388717e-07 0.19990448000000005  -1.393833841 -1.393737971 -1.39371414 -1.193929361 -1.193690399 -1.192653274 -1.189685139
3950 0.05 0.0002 1.787504143182791e-07 0.20343365899999988  -1.393644035 -1.393600598 -1.393506206 -1.190210376 -1.189976893 -1.189711849 -1.188812095
3950 0.05 0.0002 1.6766047460508922e-07 0.20229975700000002  -1.393716991 -1.39364657 -1.393607817 -1.191417234 -1.191258798 -1.190561625 -1.189008842
3950 0.05 0.0002 2.1430530532926202e-07 0.20073030600000008  -1.393822621 -1.393715683 -1.393620935 -1.193092315 -1.192194639 -1.191774778 -1.191180609
3950 0.05 0.0002 1.9595577893102648e-07 0.19972011299999992  -1.393739753 -1.393683755 -1.393599945 -1.19401964 -1.193666378 -1.192315875 -1.191521776
3950 0.05 0.0002 1.6324927060367904e-07 0.19866202900000007  -1.393891008 -1.393810159 -1.393705235 -1.195228979 -1.194245631 -1.193566785 -1.192626156
3950 0.05 0.0002 1.9623868672832945e-07 0.20167172200000016  -1.393820792 -1.393745869 -1.393560589 -1.19214907 -1.19182143 -1.1911629 -1.189406212
3950 0.05 0.0002 1.82724136882492e-07 0.2000343309999999  -1.393726276 -1.393669768 -1.393566706 -1.193691945 -1.192680615 -1.191517734 -1.191178365
3950 0.05 0.0002 2.017196664974806e-07 0.20023302100000007  -1.393734685 -1.393666987 -1.393631741 -1.193501664 -1.193353957 -1.193237448 -1.18972556
3950 0.05 0.0002 1.9211938086534297e-07 0.20033034399999994  -1.39394986 -1.393889891 -1.393679169 -1.193619516 -1.192836569 -1.191927779 -1.191184059
3950 0.05 0.0002 2.3486934731447358e-07 0.20235893000000016  -1.393787542 -1.39371701 -1.393596422 -1.191428612 -1.191108624 -1.19043872 -1.189708322
3950 0.05 0.0002 2.1183959244460627e-07 0.20387638200000002  -1.393635611 -1.393565281 -1.393487218 -1.189759229 -1.189412138 -1.189310269 -1.189232739
3950 0.05 0.0002 2.3028526871644786e-07 0.20180326400000004  -1.393720824 -1.393662374 -1.393565127 -1.19191756 -1.19177196 -1.191379728 -1.189642703
3950 0.05 0.0002 2.619734940235329e-07 0.2042102400000001  -1.39371617 -1.393647403 -1.393577685 -1.18950593 -1.189281344 -1.18868411 -1.188492037
3950 0.05 0.0002 2.0258315778661943e-07 0.2021162860000001  -1.393681489 -1.393620389 -1.39348677 -1.191565203 -1.191204496 -1.191005464 -1.188884949
3950 0.05 0.0002 1.851906638935529e-07 0.20276887599999993  -1.393680877 -1.393614116 -1.39353918 -1.190912001 -1.190784558 -1.19017637 -1.188833476
3950 0.05 0.0002 1.9446405931544332e-07 0.20288049800000008  -1.393801657 -1.393660828 -1.393622549 -1.190921159 -1.190704777 -1.189707275 -1.188757351
3950 0.05 0.0002 1.5444693378424398e-07 0.20315898100000007  -1.393854189 -1.393786475 -1.393640417 -1.190695208 -1.190442716 -1.189717883 -1.189407421
4050 0.05 0.0002 1.839187314218327e-07 0.19752946999999987  -1.279972272 -1.279942932 -1.279894237 -1.082442802 -1.081541325 -1.080212823 -1.078401123
4050 0.05 0.0002 1.5173203923555286e-07 0.19935476799999985  -1.28025098 -1.2800211 -1.279800069 -1.080896212 -1.079735835 -1.078842612 -1.078003375
4050 0.05 0.0002 1.9643187085331648e-07 0.19791365399999994  -1.280417365 -1.280192603 -1.280152515 -1.082503711 -1.081993717 -1.081314579 -1.080624988
4050 0.05 0.0002 2.0597340175545208e-07 0.20361579699999988  -1.279913626 -1.279868859 -1.279743388 -1.076297829 -1.076127968 -1.075857996 -1.075698083
4050 0.05 0.0002 1.9930051082345935e-07 0.19856519699999997  -1.28005431 -1.279913574 -1.279875193 -1.081489113 -1.080131816 -1.07926795 -1.078240113
4050 0.05 0.0002 2.2984761888943446e-07 0.198925279  -1.279914671 -1.27983324 -1.279690342 -1.080989392 -1.080377423 -1.0796259 -1.077541039
4050 0.05 0.0002 1.9544925117951225e-07 0.20331370699999995  -1.279858396 -1.279788116 -1.279750822 -1.076544689 -1.076406311 -1.076172442 -1.075638121
4050 0.05 0.0002 1.804446209035655e-07 0.19794302800000008  -1.280243671 -1.280112096 -1.279921819 -1.082300643 -1.081775104 -1.08052645 -1.077378435
4050 0.05 0.0002 2.2853775449944055e-07 0.19999814199999988  -1.280163062 -1.280002242 -1.279924025 -1.08016492 -1.079920932 -1.079384423 -1.077740032
4050 0.05 0.0002 2.4773253667517806e-07 0.20231579099999997  -1.279971656 -1.279873577 -1.27974245 -1.077655865 -1.077444421 -1.077282949 -1.076778731
4050 0.05 0.0002 1.679525990273198e-07 0.20233042600000006  -1.280152868 -1.279998599 -1.27984789 -1.077822442 -1.077498981 -1.077049185 -1.076402888
4050 0.05 0.0002 2.236672972368812e-07 0.19823572899999986  -1.280037929 -1.279939922 -1.279759463 -1.0818022 -1.080799281 -1.080280677 -1.077081554
4050 0.05 0.0002 2.2085389765667248e-07 0.203298435  -1.280089881 -1.279963541 -1.279894904 -1.076791446 -1.076014483 -1.07581707 -1.075460087
4050 0.05 0.0002 2.0071266895082492e-07 0.20158127999999986  -1.279984987 -1.279826928 -1.279716833 -1.078403707 -1.078087438 -1.077396797 -1.075782952
4050 0.05 0.0002 2.0140044101447437e-07 0.20221102199999996  -1.279986959 -1.279888393 -1.279802333 -1.077775937 -1.077454563 -1.077059135 -1.076904609
4050 0.05 0.0002 1.7438861703415078e-07 0.19933575400000003  -1.280153715 -1.280033337 -1.279836684 -1.080817961 -1.080220554 -1.079120138 -1.077815329
4050 0.05 0.0002 2.1887809280339548e-07 0.19993861199999996  -1.280333292 -1.280010565 -1.279873691 -1.08039468 -1.079607626 -1.078021089 -1.077897157
4050 0.05 0.0002 2.0563867572221043e-07 0.20227009099999993  -1.279838357 -1.279778085 -1.279711405 -1.077568266 -1.077184794 -1.076493662 -1.075632148
4050 0.05 0.0002 2.280370362940662e-07 0.19989967100000006  -1.28014223 -1.280032202 -1.279848322 -1.080242559 -1.07970979 -1.079098438 -1.077802485
4050 0.05 0.0002 1.7417454827231012e-07 0.20214157999999993  -1.280084946 -1.279987186 -1.279791044 -1.077943366 -1.077352037 -1.077039438 -1.076623344
4050 0.05 0.0002 1.8745667487322063e-07 0.2027929209999999  -1.279900815 -1.279820717 -1.279677165 -1.077107894 -1.07661457 -1.076498522 -1.074965203
4050 0.05 0.0002 1.8985404820773583e-07 0.20059321800000007  -1.27999387 -1.279849348 -1.279716327 -1.079400652 -1.07899312 -1.078527432 -1.077850672
4050 0.05 0.0002 1.9814668889959575e-07 0.20124296099999994  -1.280005158 -1.279910832 -1.27975651 -1.078762197 -1.077724853 -1.077409192 -1.077101191
4050 0.05 0.0002 1.8461935771709486e-07 0.20092469300000015  -1.280069657 -1.280024788 -1.279800222 -1.079144964 -1.078944647 -1.077522889 -1.076335779
4050 0.05 0.0002 1.781045053340554e-07 0.2003437309999998  -1.279881052 -1.27975545 -1.279721581 -1.079537321 -1.078966828 -1.078231567 -1.076715174
4050 0.05 0.0002 1.9077815173046132e-07 0.20111177599999985  -1.280033163 -1.279876594 -1.279837006 -1.078921387 -1.078454509 -1.077961584 -1.075947221
4050 0.05 0.0002 1.910181142836411e-07 0.2012528520000001  -1.279856933 -1.279764578 -1.279683193 -1.078604081 -1.078224356 -1.07767719 -1.076728944
4050 0.05 0.0002 1.6488604206191843e-07 0.202312587  -1.279904182 -1.279815319 -1.279764296 -1.077591595 -1.077258823 -1.076891579 -1.07551401
4050 0.05 0.0002 2.10595267359722e-07 0.19896338200000008  -1.27993021 -1.279882101 -1.27975217 -1.080966828 -1.080355133 -1.07968151 -1.079168548
4050 0.05 0.0002 1.7578558884439195e-07 0.20359564000000008  -1.279977272 -1.279877567 -1.279842794 -1.076381632 -1.076078516 -1.075939136 -1.075069204
4100 0.05 0.0002 1.6024399468766666e-07 0.19968151499999998  -1.325006309 -1.324648378 -1.324493486 -1.125324794 -1.123042003 -1.122304146 -1.121559127
4100 0.05 0.0002 1.9148945060223645e-07 0.20329375399999994  -1.324577742 -1.324512918 -1.324487474 -1.121283988 -1.120956196 -1.120504613 -1.119952614
4100 0.05 0.0002 2.8422461115714355e-07 0.20080715100000002  -1.324641007 -1.324521136 -1.324463147 -1.123833856 -1.123735108 -1.123318696 -1.121766258
4100 0.05 0.0002 2.2313761261115626e-07 0.2015708919999999  -1.324613248 -1.324515573 -1.324462568 -1.123042356 -1.122539573 -1.122250413 -1.122131473
4100 0.05 0.0002 2.002095324288176e-07 0.19719050400000016  -1.324695613 -1.324660514 -1.324592543 -1.127505109 -1.127247715 -1.126472733 -1.122328964
4100 0.05 0.0002 2.050027724619823e-07 0.20029500700000002  -1.324621271 -1.324595547 -1.324521174 -1.124326264 -1.124017971 -1.123614611 -1.121664201
4100 0.05 0.0002 2.0760968561510832e-07 0.2004416579999999  -1.32462639 -1.324500512 -1.32440174 -1.124184732 -1.123234277 -1.123061938 -1.122797441
4100 0.05 0.0002 2.325884030519911e-07 0.19937243400000004  -1.324624662 -1.324500249 -1.324378846 -1.125252228 -1.124562418 -1.123729419 -1.122133044
4100 0.05 0.0002 2.290482404818115e-07 0.200676442  -1.32477642 -1.324670723 -1.324458444 -1.124099978 -1.123046517 -1.122399575 -1.120946892
4100 0.05 0.0002 1.9102505330037222e-07 0.2014480540000001  -1.32448772 -1.324469641 -1.324449286 -1.123039666 -1.122491 -1.121839693 -1.119922015
4100 0.05 0.0002 1.731202074931101e-07 0.20274737500000017  -1.324661236 -1.324635346 -1.324484899 -1.121913861 -1.121593589 -1.121114839 -1.120048616
4100 0.05 0.0002 2.1235147037927693e-07 0.20045140400000006  -1.324556482 -1.324538538 -1.324449818 -1.124105078 -1.123871279 -1.123492568 -1.120390192
4100 0.05 0.0002 2.062593378808635e-07 0.20006823500000004  -1.324655087 -1.324586106 -1.324349359 -1.124586852 -1.123658112 -1.123148176 -1.120955816
4100 0.05 0.0002 1.6259481633936725e-07 0.201855342  -1.324876658 -1.324685532 -1.324488014 -1.123021316 -1.122381342 -1.122146058 -1.121218646
4100 0.05 0.0002 2.0793510909455277e-07 0.200978804  -1.32461446 -1.324528046 -1.32444582 -1.123635656 -1.123147564 -1.122639061 -1.122057445
4100 0.05 0.0002 2.4420562789106284e-07 0.20257570400000002  -1.324570456 -1.324518788 -1.324347062 -1.121994752 -1.121789235 -1.121079213 -1.120112565
4100 0.05 0.0002 1.8854525531250923e-07 0.200676866  -1.324730123 -1.324618526 -1.324380417 -1.124053257 -1.123820052 -1.122869321 -1.12170088
4100 0.05 0.0002 1.7240858434199955e-07 0.20206582600000011  -1.324721735 -1.324601188 -1.324484388 -1.122655909 -1.122188775 -1.121779627 -1.1210997
4100 0.05 0.0002 2.0164797395962805e-07 0.19685497699999988  -1.324813013 -1.324740545 -1.324601709 -1.127958036 -1.127320282 -1.126474758 -1.122348761
4100 0.05 0.0002 2.3231687580296587e-07 0.19975781299999995  -1.324692309 -1.324609888 -1.324531992 -1.124934496 -1.12437097 -1.123613657 -1.121336033
4100 0.05 0.0002 1.691455042851043e-07 0.20244464299999998  -1.324506326 -1.324415677 -1.324311507 -1.122061683 -1.121737728 -1.121281692 -1.118989277
4100 0.05 0.0002 2.0408962564526238e-07 0.1985627029999999  -1.324736142 -1.324598601 -1.324475324 -1.126173439 -1.125266128 -1.123908422 -1.123551075
4100 0.05 0.0002 2.0036208941220836e-07 0.20073731000000006  -1.324535124 -1.324436004 -1.324394376 -1.123797814 -1.123542832 -1.123165733 -1.120878481
4100 0.05 0.0002 2.032352258637391e-07 0.199521018  -1.324931015 -1.324737212 -1.324446131 -1.125409997 -1.123183124 -1.12283467 -1.122572329
4100 0.05 0.0002 1.8899878022579636e-07 0.202009844  -1.324693658 -1.324593006 -1.324416712 -1.122683814 -1.121447634 -1.121113422 -1.120581471
4100 0.05 0.0002 1.8291642018936052e-07 0.20229074199999997  -1.324547055 -1.324486007 -1.324435183 -1.122256313 -1.122046384 -1.121918585 -1.119928361
4100 0.05 0.0002 2.3517976141448763e-07 0.20343080300000005  -1.324817954 -1.324648143 -1.324585777 -1.121387151 -1.120990846 -1.12044169 -1.120336973
4100 0.05 0.0002 1.9225794456990111e-07 0.19964058899999992  -1.324755134 -1.324580966 -1.324508059 -1.125114545 -1.12441421 -1.123718253 -1.120590271
4100 0.05 0.0002 1.9296266216578105e-07 0.2023456309999998  -1.324586331 -1.324513141 -1.324446812 -1.1222407 -1.121922962 -1.121575029 -1.120091012
4100 0.05 0.0002 2.1047436637074194e-07 0.1990848220000001  -1.324757992 -1.324579296 -1.324475488 -1.12567317 -1.125182476 -1.124114201 -1.121008647
900 0.05 5e-05 2.5114815301746642e-09 0.20661889299999991  -1.999643724 -1.999643651 -1.999643543 -1.793024831 -1.793024701 -1.793024383 -1.793023644
900 0.05 5e-05 2.5585468500064547e-09 0.20661842399999997  -1.999643716 -1.999643639 -1.999643563 -1.793025292 -1.793025097 -1.793024925 -1.79302343
900 0.05 5e-05 2.849638169814674e-09 0.20661701  -1.999643735 -1.99964363 -1.999643553 -1.793026725 -1.793026481 -1.79302632 -1.793024543
900 0.05 5e-05 2.9889737033099332e-09 0.20661486499999993  -1.999643672 -1.999643652 -1.999643594 -1.793028807 -1.793028756 -1.793028727 -1.793023135
900 0.05 5e-05 2.846648968525975e-09 0.20661796  -1.999643702 -1.999643646 -1.999643573 -1.793025742 -1.793025564 -1.79302544 -1.7930247
900 0.05 5e-05 2.7884543868927772e-09 0.20661599100000005  -1.999643698 -1.999643631 -1.999643589 -1.793027707 -1.793027436 -1.793027248 -1.793023532
900 0.05 5e-05 2.6694048644386636e-09 0.20661572099999992  -1.999643705 -1.999643663 -1.99964355 -1.793027984 -1.793027818 -1.793027593 -1.793025147
900 0.05 5e-05 2.087340895373667e-09 0.20661746199999986  -1.999643707 -1.999643629 -1.999643583 -1.793026245 -1.79302614 -1.793025882 -1.793024969
900 0.05 5e-05 2.0336601925745426e-09 0.20661921100000002  -1.999643732 -1.999643648 -1.999643538 -1.793024521 -1.793024422 -1.793024357 -1.793023564
900 0.05 5e-05 2.352752337890437e-09 0.20661715899999988  -1.999643712 -1.999643618 -1.999643588 -1.793026553 -1.793026454 -1.793026292 -1.793022707
900 0.05 5e-05 2.477488147685027e-09 0.20661498700000003  -1.999643745 -1.999643661 -1.999643512 -1.793028758 -1.793028661 -1.793028386 -1.793023556
900 0.05 5e-05 2.733529663729668e-09 0.20661880100000007  -1.999643698 -1.999643656 -1.999643563 -1.793024897 -1.793024553 -1.793024397 -1.793022801
900 0.05 5e-05 2.352137932100226e-09 0.20661842299999988  -1.999643729 -1.999643647 -1.999643542 -1.793025306 -1.793025255 -1.793025154 -1.793023443
900 0.05 5e-05 2.678259395119022e-09 0.20661958000000014  -1.999643725 -1.999643644 -1.99964355 -1.793024145 -1.793023881 -1.793023774 -1.793023598
900 0.05 5e-05 2.421871806576435e-09 0.20661606399999988  -1.999643728 -1.999643657 -1.999643533 -1.793027664 -1.79302746 -1.793027374 -1.793023304
900 0.05 5e-05 3.3370910350880574e-09 0.20661832800000002  -1.999643695 -1.999643644 -1.99964358 -1.793025367 -1.793025237 -1.793025068 -1.793024111
900 0.05 5e-05 2.5633950246129636e-09 0.20661744999999998  -1.99964369 -1.999643659 -1.999643568 -1.79302624 -1.793026013 -1.793025774 -1.793024761
900 0.05 5e-05 2.2737316423957128e-09 0.206618588  -1.999643694 -1.999643628 -1.999643596 -1.793025106 -1.793024865 -1.793024726 -1.793022579
900 0.05 5e-05 3.0346522312156845e-09 0.206614576  -1.999643692 -1.999643635 -1.999643591 -1.793029116 -1.79302894 -1.793028845 -1.793023097
900 0.05 5e-05 2.527144116012919e-09 0.20661781700000015  -1.999643717 -1.999643636 -1.999643566 -1.7930259 -1.79302572 -1.793025575 -1.793023069
900 0.05 5e-05 2.864696917182996e-09 0.20661903199999987  -1.999643744 -1.99964363 -1.999643544 -1.793024712 -1.793024627 -1.793024255 -1.793022643
900 0.05 5e-05 2.4455627770453865e-09 0.20661708199999995  -1.999643686 -1.999643638 -1.999643594 -1.793026604 -1.793026473 -1.793026444 -1.793022772
900 0.05 5e-05 2.5381687636407155e-09 0.20661923800000004  -1.999643699 -1.999643659 -1.99964356 -1.793024461 -1.793024258 -1.793024032 -1.793022694
900 0.05 5e-05 2.6933288657656115e-09 0.20661783700000003  -1.999643717 -1.999643635 -1.999643565 -1.79302588 -1.793025811 -1.793025612 -1.793023159
900 0.05 5e-05 1.9323501774184494e-09 0.20661825900000008  -1.99964369 -1.99964365 -1.999643578 -1.793025431 -1.79302529 -1.793024999 -1.793023087
900 0.05 5e-05 2.0964868380032183e-09 0.20661894199999997  -1.999643703 -1.999643646 -1.99964357 -1.793024761 -1.793024598 -1.79302443 -1.793023045
900 0.05 5e-05 2.6283851556727703e-09 0.20661543399999993  -1.999643729 -1.999643622 -1.999643567 -1.793028295 -1.793028098 -1.793027998 -1.793022564
900 0.05 5e-05 2.7863542643968516e-09 0.206616688  -1.999643713 -1.999643646 -1.999643559 -1.793027025 -1.793026991 -1.793026921 -1.793025322
900 0.05 5e-05 2.683605800289264e-09 0.20661727900000004  -1.999643756 -1.999643623 -1.999643539 -1.793026477 -1.793026218 -1.793025866 -1.793023237
900 0.05 5e-05 2.4925127874077333e-09 0.20661843699999993  -1.999643689 -1.999643627 -1.999643602 -1.793025252 -1.7930251 -1.793024891 -1.793023055
950 0.05 5e-05 3.1002698808338965e-09 0.2066135  -1.999438359 -1.999438246 -1.999438163 -1.792824859 -1.792824515 -1.792824147 -1.79281894
950 0.05 5e-05 2.6055857200321474e-09 0.20661358799999996  -1.999438346 -1.99943825 -1.999438174 -1.792824758 -1.792824574 -1.792824436 -1.792818003
950 0.05 5e-05 2.4009951113012964e-09 0.20661765099999996  -1.999438401 -1.999438212 -1.999438156 -1.79282075 -1.792820311 -1.792820146 -1.792817865
950 0.05 5e-05 2.3259033184621107e-09 0.206614474  -1.999438299 -1.99943827 -1.999438199 -1.792823825 -1.792823672 -1.792823472 -1.792817317
950 0.05 5e-05 2.7915368289352368e-09 0.2066097630000001  -1.9994384 -1.999438255 -1.999438113 -1.792828637 -1.79282834 -1.792827822 -1.792820195
950 0.05 5e-05 2.3633123475159387e-09 0.20661264699999982  -1.999438358 -1.999438233 -1.999438181 -1.792825711 -1.792825369 -1.792825042 -1.792820713
950 0.05 5e-05 2.3373992396376446e-09 0.20661703200000003  -1.999438311 -1.999438252 -1.999438206 -1.792821279 -1.792820832 -1.792820705 -1.792819406
950 0.05 5e-05 2.7022497014995657e-09 0.20661314099999983  -1.999438299 -1.999438258 -1.999438211 -1.792825158 -1.792824802 -1.792824678 -1.792817489
950 0.05 5e-05 2.50270238560784e-09 0.20661266099999986  -1.999438356 -1.999438258 -1.999438154 -1.792825695 -1.792825015 -1.792824594 -1.792819019
950 0.05 5e-05 2.654308636677531e-09 0.2066131980000001  -1.999438365 -1.999438285 -1.999438119 -1.792825167 -1.792824924 -1.792824743 -1.792817273
950 0.05 5e-05 3.195282815117127e-09 0.20661497800000017  -1.999438328 -1.999438289 -1.999438155 -1.79282335 -1.792823185 -1.792822835 -1.792821836
950 0.05 5e-05 2.456365168161471e-09 0.20661808700000006  -1.999438422 -1.999438237 -1.999438112 -1.792820335 -1.792820091 -1.792819941 -1.792817908
950 0.05 5e-05 2.3229451832548632e-09 0.20661683799999997  -1.999438319 -1.999438266 -1.999438183 -1.792821481 -1.792821294 -1.792821049 -1.792820016
950 0.05 5e-05 2.2617845385997945e-09 0.20661523599999998  -1.999438377 -1.999438227 -1.999438166 -1.792823141 -1.792822729 -1.792822601 -1.792819972
950 0.05 5e-05 2.7275523109400005e-09 0.206617147  -1.999438351 -1.999438256 -1.999438163 -1.792821204 -1.792820908 -1.792820714 -1.792820454
950 0.05 5e-05 4.0072302155111946e-09 0.20661437500000002  -1.999438334 -1.999438252 -1.999438183 -1.792823959 -1.792823806 -1.792823204 -1.792819617
950 0.05 5e-05 2.4030560705943386e-09 0.20661364800000004  -1.999438379 -1.999438302 -1.999438089 -1.792824731 -1.792824558 -1.792824017 -1.792818834
950 0.05 5e-05 2.911230396738711e-09 0.20661482100000006  -1.999438434 -1.999438267 -1.99943807 -1.792823613 -1.792823591 -1.792823206 -1.792819069
950 0.05 5e-05 3.536776414526137e-09 0.20661504100000005  -1.999438427 -1.999438269 -1.999438075 -1.792823386 -1.792823031 -1.792822648 -1.792819667
950 0.05 5e-05 3.061403566768155e-09 0.20661766699999995  -1.999438372 -1.999438242 -1.999438157 -1.792820705 -1.792820516 -1.792820403 -1.792818168
950 0.05 5e-05 3.411523265915021e-09 0.20661194500000013  -1.999438397 -1.999438267 -1.999438105 -1.792826452 -1.792826078 -1.792825666 -1.792818475
950 0.05 5e-05 3.5156481605382287e-09 0.2066138769999999  -1.999438388 -1.999438242 -1.999438138 -1.792824511 -1.792824389 -1.792824218 -1.792817873
950 0.05 5e-05 2.7402343200588187e-09 0.206615765  -1.99943832 -1.999438275 -1.999438175 -1.792822555 -1.792822147 -1.792821788 -1.792817866
950 0.05 5e-05 3.1678518815760984e-09 0.2066151489999999  -1.999438291 -1.999438266 -1.999438211 -1.792823142 -1.792822836 -1.79282261 -1.792818698
950 0.05 5e-05 2.8122220188309373e-09 0.206613524  -1.999438474 -1.999438205 -1.99943809 -1.79282495 -1.79282476 -1.792824523 -1.792818205
950 0.05 5e-05 2.869846214349289e-09 0.20661358900000004  -1.999438332 -1.999438238 -1.999438198 -1.792824743 -1.792824588 -1.79282423 -1.792819394
950 0.05 5e-05 2.06447007897997e-09 0.20661837400000005  -1.999438422 -1.999438216 -1.999438131 -1.792820048 -1.792819857 -1.792819715 -1.792817527
950 0.05 5e-05 2.378379069770014e-09 0.20661807600000004  -1.999438404 -1.999438339 -1.999438029 -1.792820328 -1.792820019 -1.792819259 -1.792818297
950 0.05 5e-05 2.914862897224059e-09 0.20661185199999998  -1.999438311 -1.999438243 -1.999438214 -1.792826459 -1.792826234 -1.792826141 -1.792821335
950 0.05 5e-05 2.639297150507815e-09 0.20661520199999983  -1.999438377 -1.999438262 -1.99943813 -1.792823175 -1.792823001 -1.792822731 -1.792820016
1000 0.05 5e-05 3.50815608641468e-09 0.20661456499999997  -1.999316979 -1.999316864 -1.999316757 -1.792702414 -1.79270209 -1.792701313 -1.792696144
1000 0.05 5e-05 2.825022369287527e-09 0.20661604599999994  -1.999317019 -1.999316819 -1.999316762 -1.792700973 -1.792700725 -1.792700329 -1.792700004
1000 0.05 5e-05 2.7889737559962704e-09 0.20661215499999996  -1.999317098 -1.999316847 -1.999316654 -1.792704943 -1.792704764 -1.792704461 -1.792703073
1000 0.05 5e-05 2.632790189175734e-09 0.20660973500000002  -1.999316993 -1.999316865 -1.999316741 -1.792707258 -1.792706967 -1.792706334 -1.792698815
1000 0.05 5e-05 2.9720875488317264e-09 0.20661343199999993  -1.999316959 -1.999316884 -1.999316755 -1.792703527 -1.792703237 -1.792702991 -1.792698388
1000 0.05 5e-05 2.7655738505809347e-09 0.20661432600000018  -1.999317001 -1.999316841 -1.999316758 -1.792702675 -1.792702398 -1.792701757 -1.79269914
1000 0.05 5e-05 3.3158297552912643e-09 0.2066124439999999  -1.999317048 -1.999316903 -1.999316647 -1.792704604 -1.792704254 -1.792703855 -1.792700964
1000 0.05 5e-05 2.196755979020321e-09 0.20661361  -1.999316985 -1.999316866 -1.99931675 -1.792703375 -1.792703046 -1.792702617 -1.792696163
1000 0.05 5e-05 2.599068864280643e-09 0.20661213099999998  -1.99931709 -1.999316825 -1.999316684 -1.792704959 -1.792704791 -1.792704329 -1.792699281
1000 0.05 5e-05 2.4817160541954993e-09 0.2066147089999999  -1.999317071 -1.999316868 -1.99931666 -1.792702362 -1.792702188 -1.792701594 -1.79269652
1000 0.05 5e-05 2.9705169881971373e-09 0.20661112000000004  -1.999316957 -1.999316879 -1.999316764 -1.792705837 -1.792705726 -1.79270534 -1.792702286
1000 0.05 5e-05 2.923059219267226e-09 0.206615773  -1.999316951 -1.999316848 -1.999316802 -1.792701178 -1.792700711 -1.792700479 -1.792698247
1000 0.05 5e-05 3.0839112330306043e-09 0.20661074600000018  -1.999317033 -1.999316822 -1.999316744 -1.792706287 -1.792705726 -1.79270539 -1.792698545
1000 0.05 5e-05 2.40008045138658e-09 0.20661510599999988  -1.999316991 -1.999316885 -1.999316723 -1.792701885 -1.792701688 -1.79270159 -1.792701019
1000 0.05 5e-05 3.2848788250645114e-09 0.20661653099999988  -1.999316927 -1.999316864 -1.999316808 -1.792700396 -1.79270034 -1.792699755 -1.792699624
1000 0.05 5e-05 3.118660952037544e-09 0.20661176700000006  -1.999317061 -1.999316799 -1.999316741 -1.792705294 -1.792705029 -1.792704454 -1.792700368
1000 0.05 5e-05 2.7500100107755872e-09 0.20661341499999986  -1.99931701 -1.99931684 -1.999316748 -1.792703595 -1.792703281 -1.792702941 -1.79269615
1000 0.05 5e-05 3.0483112178972224e-09 0.20661824000000006  -1.999317084 -1.999316825 -1.99931669 -1.792698844 -1.792698608 -1.792697846 -1.792697626
1000 0.05 5e-05 2.7030398318849764e-09 0.206614909  -1.999316947 -1.999316882 -1.99931677 -1.792702038 -1.792701875 -1.792701368 -1.79269733
1000 0.05 5e-05 2.759214558390821e-09 0.20661531700000002  -1.999317015 -1.999316846 -1.99931674 -1.792701698 -1.792701574 -1.792701411 -1.792700236
1000 0.05 5e-05 3.176363209504644e-09 0.20661525400000014  -1.999317028 -1.999316895 -1.999316676 -1.792701774 -1.792701398 -1.792701298 -1.79269733
1000 0.05 5e-05 3.0657645508755667e-09 0.20660777899999982  -1.999317055 -1.99931684 -1.999316705 -1.792709276 -1.792708988 -1.792708473 -1.792699107
1000 0.05 5e-05 3.4544699426077317e-09 0.20661585299999996  -1.999317063 -1.99931683 -1.999316706 -1.79270121 -1.792700705 -1.792700276 -1.792699822
1000 0.05 5e-05 2.957830979913331e-09 0.20661179400000007  -1.999316976 -1.99931689 -1.999316735 -1.792705182 -1.792704706 -1.792704033 -1.792698228
1000 0.05 5e-05 3.246751990341379e-09 0.2066141410000002  -1.999317028 -1.999316855 -1.999316716 -1.792702887 -1.792702518 -1.792702369 -1.792695863
1000 0.05 5e-05 2.8000969055974817e-09 0.20661319700000003  -1.999317037 -1.999316865 -1.999316699 -1.79270384 -1.792703585 -1.79270346 -1.792696658
1000 0.05 5e-05 3.4011745904095596e-09 0.20661540999999994  -1.999317031 -1.999316858 -1.999316713 -1.792701621 -1.792701434 -1.792700935 -1.792697688
1000 0.05 5e-05 2.6703492976642866e-09 0.2066131280000001  -1.999316992 -1.999316827 -1.999316782 -1.792703864 -1.79270358 -1.792703198 -1.792702578
1000 0.05 5e-05 3.0043815659579167e-09 0.20661169599999996  -1.999316976 -1.999316858 -1.999316765 -1.79270528 -1.792705123 -1.792704928 -1.792696148
1000 0.05 5e-05 2.9434887833964033e-09 0.20661695800000013  -1.999317019 -1.999316875 -1.999316706 -1.792700061 -1.792699872 -1.792699785 -1.792697772
1050 0.05 5e-05 2.929985330724271e-09 0.2066135630000001  -1.999356562 -1.999356484 -1.999356404 -1.792742999 -1.792742799 -1.792742702 -1.792737146
1050 0.05 5e-05 3.1732555374461227e-09 0.20661317699999993  -1.999356597 -1.999356449 -1.999356406 -1.79274342 -1.792743168 -1.792742704 -1.7927398
1050 0.05 5e-05 3.8880191687647784e-09 0.2066149380000002  -1.999356622 -1.999356472 -1.999356359 -1.792741684 -1.792741616 -1.79274156 -1.792735966
1050 0.05 5e-05 2.9231540612960163e-09 0.2066152939999999  -1.999356618 -1.99935653 -1.999356302 -1.792741324 -1.792740919 -1.792740372 -1.792737803
1050 0.05 5e-05 2.906700051532157e-09 0.20661271999999986  -1.999356623 -1.999356449 -1.999356378 -1.792743903 -1.792743639 -1.792743373 -1.792736891
1050 0.05 5e-05 2.414236687267804e-09 0.20661632400000007  -1.999356662 -1.999356446 -1.999356345 -1.792740338 -1.792740082 -1.792739666 -1.792735599
1050 0.05 5e-05 3.307114668767568e-09 0.20661831899999994  -1.99935653 -1.999356475 -1.999356447 -1.792738211 -1.792738087 -1.79273799 -1.792735502
1050 0.05 5e-05 2.7451636342631626e-09 0.20661467899999986  -1.999356593 -1.999356516 -1.999356341 -1.792741914 -1.792741657 -1.792741467 -1.792737829
1050 0.05 5e-05 2.90301263858761e-09 0.2066155380000001  -1.999356539 -1.999356501 -1.99935641 -1.792741001 -1.792740849 -1.7927403 -1.792740076
1050 0.05 5e-05 3.1121723911191953e-09 0.20661670300000012  -1.9993566 -1.999356463 -1.999356389 -1.792739897 -1.792739704 -1.79273894 -1.792738345
1050 0.05 5e-05 3.0458804981578324e-09 0.20661182199999995  -1.999356704 -1.999356448 -1.999356298 -1.792744882 -1.792744547 -1.792744426 -1.792739375
1050 0.05 5e-05 2.9539232345000836e-09 0.2066144190000001  -1.999356538 -1.999356503 -1.999356411 -1.792742119 -1.792741946 -1.792741411 -1.792739467
1050 0.05 5e-05 3.5589637903652383e-09 0.20661379700000015  -1.999356619 -1.999356512 -1.999356321 -1.792742822 -1.792742458 -1.792742038 -1.792738028
1050 0.05 5e-05 3.2302015891501146e-09 0.20661637500000007  -1.999356559 -1.999356497 -1.999356395 -1.792740184 -1.792740056 -1.792739784 -1.792736423
1050 0.05 5e-05 2.950910257850666e-09 0.2066142339999999  -1.999356757 -1.999356388 -1.999356305 -1.792742523 -1.792742445 -1.79274202 -1.792737427
1050 0.05 5e-05 2.3203859619552336e-09 0.20661619200000003  -1.999356665 -1.999356419 -1.999356367 -1.792740473 -1.79274008 -1.792739837 -1.792735546
1050 0.05 5e-05 3.535970820436519e-09 0.206616621  -1.999356588 -1.999356445 -1.999356418 -1.792739967 -1.792739786 -1.792739656 -1.792735775
1050 0.05 5e-05 2.624268942565622e-09 0.206613049  -1.999356522 -1.999356485 -1.999356445 -1.792743473 -1.792743102 -1.79274258 -1.792736927
1050 0.05 5e-05 3.0343323501205973e-09 0.2066139360000001  -1.999356646 -1.999356498 -1.999356308 -1.79274271 -1.792742177 -1.792741956 -1.792739304
1050 0.05 5e-05 2.6802193581746325e-09 0.20661499099999991  -1.999356535 -1.999356478 -1.999356436 -1.792741544 -1.792741076 -1.792740581 -1.792738984
1050 0.05 5e-05 2.645321104502931e-09 0.20661834099999998  -1.999356671 -1.99935642 -1.999356361 -1.79273833 -1.792738228 -1.792737844 -1.79273717
1050 0.05 5e-05 3.5761721681153137e-09 0.2066179600000002  -1.999356633 -1.999356513 -1.999356305 -1.792738673 -1.792738492 -1.792738101 -1.792735984
1050 0.05 5e-05 3.57518189564273e-09 0.20661549700000004  -1.999356575 -1.999356482 -1.999356394 -1.792741078 -1.792740647 -1.792740418 -1.79273621
1050 0.05 5e-05 2.6117019129474307e-09 0.20660855200000006  -1.999356525 -1.999356475 -1.99935645 -1.792747973 -1.792747847 -1.792747566 -1.792736411
1050 0.05 5e-05 2.4316827938228452e-09 0.20661429200000003  -1.999356659 -1.999356502 -1.999356289 -1.792742367 -1.792742259 -1.792741908 -1.792735625
1050 0.05 5e-05 2.733670320626495e-09 0.20661600299999994  -1.999356575 -1.999356481 -1.999356396 -1.792740572 -1.792740443 -1.792740148 -1.792737718
1050 0.05 5e-05 3.6458476340088235e-09 0.2066175240000001  -1.999356562 -1.999356507 -1.999356381 -1.792739038 -1.792738955 -1.792738812 -1.79273598
1050 0.05 5e-05 2.6503267716388088e-09 0.20661663099999994  -1.999356663 -1.999356461 -1.999356326 -1.792740032 -1.792739741 -1.792739371 -1.792735773
1050 0.05 5e-05 2.9989588974675007e-09 0.2066140649999999  -1.999356583 -1.999356481 -1.999356388 -1.792742518 -1.792742228 -1.792741842 -1.792740508
1050 0.05 5e-05 3.4273302869929617e-09 0.20661319599999994  -1.999356612 -1.999356511 -1.999356328 -1.792743416 -1.792742999 -1.792742551 -1.79273568
5900 0.05 0.000133332 1.517915855219433e-07 0.20393476499999985  -1.811012084 -1.811004189 -1.810965409 -1.607077319 -1.606908533 -1.606858514 -1.606204733
5900 0.05 0.000133332 1.2566422622860038e-07 0.20449064299999997  -1.811071584 -1.811025031 -1.810999536 -1.606580941 -1.606457943 -1.605863637 -1.605729718
5900 0.05 0.000133332 1.191009220814742e-07 0.20553894500000003  -1.811032046 -1.811006805 -1.810967754 -1.605493101 -1.605441008 -1.60533134 -1.604812655
5900 0.05 0.000133332 1.3296726862939571e-07 0.2047730190000001  -1.811016452 -1.810990685 -1.810962339 -1.606243433 -1.60614011 -1.605969984 -1.605505291
5900 0.05 0.000133332 1.1378660551822566e-07 0.2044851350000001  -1.811081557 -1.811004445 -1.810955083 -1.606596422 -1.606217328 -1.605961847 -1.605784257
5900 0.05 0.000133332 1.4806133773626674e-07 0.20467488  -1.811050364 -1.810996384 -1.810979103 -1.606375484 -1.606285384 -1.606077454 -1.605235803
5900 0.05 0.000133332 1.3697042249687645e-07 0.20520086699999984  -1.811032402 -1.811018822 -1.810984991 -1.605831535 -1.605721364 -1.605663721 -1.605100705
5900 0.05 0.000133332 1.279208951794724e-07 0.2044434300000002  -1.811012089 -1.810987327 -1.810979889 -1.606568659 -1.606428266 -1.606256932 -1.60516904
5900 0.05 0.000133332 1.1531557076387117e-07 0.20473786500000002  -1.811053512 -1.811030613 -1.81097844 -1.606315647 -1.606101073 -1.606032685 -1.60590581
5900 0.05 0.000133332 1.3708267591050845e-07 0.20532701600000003  -1.811016735 -1.811002515 -1.810990793 -1.605689719 -1.605617289 -1.605521685 -1.60478562
5900 0.05 0.000133332 1.2170304956318962e-07 0.20414700500000005  -1.811027592 -1.811000608 -1.81095568 -1.606880587 -1.606697546 -1.606434552 -1.605495647
5900 0.05 0.000133332 1.3396440621754494e-07 0.20495220700000005  -1.811025546 -1.810994262 -1.810982568 -1.606073339 -1.605988451 -1.605916432 -1.605735268
5900 0.05 0.000133332 1.669685167427636e-07 0.2059684719999999  -1.811013751 -1.810996582 -1.81095485 -1.605045279 -1.605006465 -1.604944365 -1.604569514
5900 0.05 0.000133332 1.2301312072033188e-07 0.20551756200000004  -1.811063086 -1.811037415 -1.8109624 -1.605545524 -1.605443526 -1.605238915 -1.604905491
5900 0.05 0.000133332 1.1343840044062454e-07 0.20536049700000003  -1.811013792 -1.810990641 -1.810963734 -1.605653295 -1.605563256 -1.605515228 -1.604633413
5900 0.05 0.000133332 1.198593255661021e-07 0.20368565100000002  -1.811037222 -1.810999035 -1.810994202 -1.607351571 -1.607104677 -1.606843317 -1.606779238
5900 0.05 0.000133332 1.1058450251506552e-07 0.20473693599999998  -1.811024194 -1.811002843 -1.810995699 -1.606287258 -1.605992252 -1.605894809 -1.605011622
5900 0.05 0.000133332 1.4751743053672887e-07 0.20509873899999986  -1.811013906 -1.811004606 -1.810985264 -1.605915167 -1.605754801 -1.605738556 -1.605235897
5900 0.05 0.000133332 1.439290170583681e-07 0.204274909  -1.811015472 -1.811007683 -1.810984881 -1.606740563 -1.606370074 -1.606259544 -1.605527257
5900 0.05 0.000133332 1.3519204224707724e-07 0.20505603799999994  -1.811019829 -1.811008095 -1.810978844 -1.605963791 -1.605916456 -1.605804175 -1.605360963
5900 0.05 0.000133332 1.546135087930526e-07 0.20575800300000013  -1.811019528 -1.810995744 -1.81096695 -1.605261525 -1.605242128 -1.604979741 -1.604839495
5900 0.05 0.000133332 1.0628797896244241e-07 0.20578609599999997  -1.811045516 -1.811001582 -1.810990844 -1.60525942 -1.605224399 -1.604928426 -1.604718053
5900 0.05 0.000133332 1.4173556857040804e-07 0.20562948600000008  -1.811019218 -1.811009361 -1.810978854 -1.605389732 -1.605319784 -1.60518058 -1.604978681
5900 0.05 0.000133332 1.363378979848919e-07 0.205365091  -1.811028227 -1.811013737 -1.810969326 -1.605663136 -1.605516693 -1.605272243 -1.60499336
5900 0.05 0.000133332 1.297876517671536e-07 0.20441449199999995  -1.811026416 -1.811007072 -1.810993234 -1.606611924 -1.606320368 -1.606086526 -1.605504061
5900 0.05 0.000133332 1.224755207241734e-07 0.20541180199999998  -1.811039061 -1.810995252 -1.810973367 -1.605627259 -1.605477537 -1.605443624 -1.60493108
5900 0.05 0.000133332 1.1774169042466338e-07 0.2052388679999999  -1.811024285 -1.811005766 -1.810960326 -1.605785417 -1.605723112 -1.605652243 -1.605526416
5900 0.05 0.000133332 1.423105782702625e-07 0.2051657720000002  -1.81102712 -1.811000826 -1.81098906 -1.605861348 -1.605781847 -1.605669231 -1.605110001
5900 0.05 0.000133332 1.0917188396410061e-07 0.20589143500000007  -1.811017095 -1.810999359 -1.810971862 -1.60512566 -1.605067032 -1.604952397 -1.604579723
5900 0.05 0.000133332 1.26748589111912e-07 0.20504211999999988  -1.811024993 -1.810999259 -1.810972311 -1.605982873 -1.605892023 -1.605750594 -1.605392153
5950 0.05 0.000133332 1.2220074032089963e-07 0.20574992299999995  -1.850873652 -1.85084416 -1.850835562 -1.645123729 -1.645022176 -1.644964681 -1.644924461
5950 0.05 0.000133332 9.90232082095801e-08 0.20539100799999988  -1.850889565 -1.850849095 -1.850803795 -1.645498557 -1.645457684 -1.645351494 -1.644637189
5950 0.05 0.000133332 1.0954546872938998e-07 0.20494858799999993  -1.850878692 -1.850870802 -1.850855134 -1.645930104 -1.645759194 -1.645732078 -1.645286166
5950 0.05 0.000133332 1.5829849993337595e-07 0.20571584099999995  -1.850863323 -1.850848108 -1.850837468 -1.645147482 -1.645117797 -1.644913854 -1.644721491
5950 0.05 0.000133332 1.2757914247151306e-07 0.20594024799999988  -1.850864152 -1.850840088 -1.850827144 -1.644923904 -1.644801615 -1.644699361 -1.644428377
5950 0.05 0.000133332 1.2952444151117406e-07 0.20512368299999983  -1.850884874 -1.850863882 -1.850823612 -1.645761191 -1.645612647 -1.645517502 -1.645188615
5950 0.05 0.000133332 1.1533482838723568e-07 0.20541235800000002  -1.850897237 -1.850863198 -1.850818942 -1.645484879 -1.645362719 -1.64507144 -1.644732056
5950 0.05 0.000133332 1.6581258299142331e-07 0.2059437529999999  -1.850890746 -1.85085296 -1.850799689 -1.644946993 -1.644817259 -1.644791688 -1.644612283
5950 0.05 0.000133332 1.1840428748695345e-07 0.20533649799999987  -1.850858918 -1.850846899 -1.850813668 -1.64552242 -1.645468359 -1.645380978 -1.6450719
5950 0.05 0.000133332 1.3745632330733647e-07 0.20454458800000008  -1.850897902 -1.850872242 -1.850817337 -1.646353314 -1.64631927 -1.64615522 -1.645112334
5950 0.05 0.000133332 1.0967893400553451e-07 0.20488539000000006  -1.850890331 -1.850835271 -1.850831659 -1.646004941 -1.645857496 -1.645746908 -1.645183308
5950 0.05 0.000133332 1.3573007396072304e-07 0.20571550199999988  -1.85088054 -1.850864115 -1.850852791 -1.645165038 -1.645092385 -1.644944455 -1.644684638
5950 0.05 0.000133332 1.34166322893332e-07 0.20559876999999993  -1.850888299 -1.850849465 -1.850825569 -1.645289529 -1.64526149 -1.645129128 -1.645040714
5950 0.05 0.000133332 1.336885821311238e-07 0.20604165799999996  -1.850878761 -1.850864347 -1.85079357 -1.644837103 -1.644805808 -1.644781933 -1.64474681
5950 0.05 0.000133332 1.6030356721196274e-07 0.20564968399999994  -1.850891987 -1.850841168 -1.850832177 -1.645242303 -1.645102757 -1.645061567 -1.644585211
5950 0.05 0.000133332 1.2714602983848047e-07 0.20476474299999992  -1.850875646 -1.850866 -1.850830422 -1.646110903 -1.646072273 -1.64601406 -1.645366001
5950 0.05 0.000133332 1.2414559265807028e-07 0.20521622000000006  -1.850879976 -1.850853448 -1.850834024 -1.645663756 -1.645501511 -1.645361684 -1.645184424
5950 0.05 0.000133332 1.3117540134633717e-07 0.20515067200000003  -1.850863737 -1.850833491 -1.850822759 -1.645713065 -1.645634831 -1.645571973 -1.644888218
5950 0.05 0.000133332 1.6142440182195754e-07 0.2053384709999999  -1.850862292 -1.850846128 -1.850812757 -1.645523821 -1.645473518 -1.645411903 -1.644602625
5950 0.05 0.000133332 1.3017180845097344e-07 0.20458813500000006  -1.850858205 -1.850853133 -1.850851042 -1.64627007 -1.646189491 -1.645987075 -1.645783049
5950 0.05 0.000133332 1.2519881544992508e-07 0.20588088699999996  -1.850879498 -1.850851627 -1.850841134 -1.644998611 -1.644972953 -1.644930388 -1.644844736
5950 0.05 0.000133332 1.3506363404672559e-07 0.20517870699999996  -1.85087082 -1.85086305 -1.850851321 -1.645692113 -1.645648629 -1.645523094 -1.64528765
5950 0.05 0.000133332 1.1490760979050624e-07 0.2054145650000001  -1.850881451 -1.850853699 -1.850832496 -1.645466886 -1.645386936 -1.645301379 -1.645176783
5950 0.05 0.000133332 1.4493390983314778e-07 0.20561591099999998  -1.850860181 -1.850845967 -1.850816884 -1.64524427 -1.645136937 -1.645106138 -1.644970294
5950 0.05 0.000133332 1.3399079939134061e-07 0.20497519500000005  -1.850879321 -1.85083203 -1.850820774 -1.645904126 -1.645847372 -1.645791859 -1.645062991
5950 0.05 0.000133332 1.173158546537747e-07 0.2054547069999999  -1.850894015 -1.850869894 -1.850827144 -1.645439308 -1.64516725 -1.644943852 -1.644908909
5950 0.05 0.000133332 1.3556981303265788e-07 0.20616326899999993  -1.850869301 -1.850862783 -1.850807348 -1.644706032 -1.644658471 -1.644583624 -1.644561768
5950 0.05 0.000133332 1.4495847966683527e-07 0.2057935259999999  -1.850908805 -1.850852946 -1.850843419 -1.645115279 -1.64496244 -1.644946038 -1.644812832
5950 0.05 0.000133332 1.1436223884694122e-07 0.2058346390000001  -1.850873615 -1.850859351 -1.850827386 -1.645038976 -1.645025577 -1.644922765 -1.644711955
5950 0.05 0.000133332 1.2930333106658665e-07 0.20555252400000001  -1.850881762 -1.850836508 -1.850822108 -1.645329238 -1.645301529 -1.645222248 -1.644472362
6000 0.05 0.000133332 1.584713247370311e-07 0.20556397999999998  -1.914856081 -1.914832583 -1.914821462 -1.709292101 -1.709150721 -1.709054545 -1.708965012
6000 0.05 0.000133332 1.4251385528529576e-07 0.20327861700000005  -1.914884356 -1.914832618 -1.914829073 -1.711605739 -1.711087884 -1.711021428 -1.710890319
6000 0.05 0.000133332 1.4680908184338417e-07 0.2055306739999998  -1.914865366 -1.914855096 -1.91482059 -1.709334692 -1.70913508 -1.709056733 -1.708894159
6000 0.05 0.000133332 1.1369574387422781e-07 0.2054143960000001  -1.914873333 -1.914844812 -1.91482018 -1.709458937 -1.709426965 -1.709415646 -1.708764905
6000 0.05 0.000133332 1.2427233795666103e-07 0.20525401099999985  -1.914853405 -1.914849697 -1.914844829 -1.709599394 -1.709484087 -1.709461776 -1.709145027
6000 0.05 0.000133332 1.2900452470103335e-07 0.2056197930000001  -1.914847412 -1.914839391 -1.914830177 -1.709227619 -1.709130762 -1.709108153 -1.709027521
6000 0.05 0.000133332 1.187871994479652e-07 0.20552441  -1.914845922 -1.914837836 -1.91481991 -1.709321512 -1.709225089 -1.709139489 -1.709014942
6000 0.05 0.000133332 1.4040210312200956e-07 0.20533129900000002  -1.914892682 -1.914849128 -1.914809586 -1.709561383 -1.709377635 -1.70928489 -1.709119103
6000 0.05 0.000133332 1.2256216351929795e-07 0.20477005800000003  -1.914880826 -1.91487137 -1.914835297 -1.710110768 -1.710017707 -1.709659634 -1.709600266
6000 0.05 0.000133332 1.2688212583341794e-07 0.20607214899999993  -1.914851948 -1.914833664 -1.914818424 -1.708779799 -1.7086648 -1.70861609 -1.708428223
6000 0.05 0.000133332 1.549058434681995e-07 0.20546089000000012  -1.914846811 -1.914839806 -1.914828343 -1.709385921 -1.709331192 -1.709226056 -1.709089854
6000 0.05 0.000133332 1.3004943304836623e-07 0.205828165  -1.914866492 -1.914848157 -1.914818628 -1.709038327 -1.708908554 -1.7088259 -1.708595232
6000 0.05 0.000133332 1.1062620552000793e-07 0.20560773500000007  -1.914888454 -1.91486565 -1.914832603 -1.709280719 -1.709037697 -1.709006899 -1.708893437
6000 0.05 0.000133332 1.1062492289603017e-07 0.20519287000000008  -1.914860409 -1.914849548 -1.914817332 -1.709667539 -1.709519351 -1.709372569 -1.709342041
6000 0.05 0.000133332 1.2912413250723688e-07 0.20590010199999997  -1.914855444 -1.914826584 -1.91482046 -1.708955342 -1.708935834 -1.708898339 -1.708387116
6000 0.05 0.000133332 1.387449481609648e-07 0.205755519  -1.914856981 -1.91483984 -1.914831085 -1.709101462 -1.709060555 -1.709036214 -1.70872709
6000 0.05 0.000133332 1.232294828511954e-07 0.20490232600000002  -1.914851542 -1.914847414 -1.914832669 -1.709949216 -1.709897063 -1.709784272 -1.709176982
6000 0.05 0.000133332 1.379385121647095e-07 0.20554988800000018  -1.914866694 -1.914848715 -1.914801138 -1.709316806 -1.709296982 -1.709085389 -1.708592342
6000 0.05 0.000133332 1.436108815011247e-07 0.20440554300000002  -1.91485554 -1.914848578 -1.914832414 -1.710449997 -1.710382615 -1.709992216 -1.709783524
6000 0.05 0.000133332 1.3644078715150793e-07 0.20588848900000012  -1.914867805 -1.914848625 -1.914827648 -1.708979316 -1.708929106 -1.708757148 -1.708563389
6000 0.05 0.000133332 1.5224759581034762e-07 0.205009129  -1.914860657 -1.91484087 -1.914815366 -1.709851528 -1.709749248 -1.709712271 -1.709329084
6000 0.05 0.000133332 1.4921160993521803e-07 0.205463666  -1.914856521 -1.914840237 -1.914826576 -1.709392855 -1.709351063 -1.709264104 -1.708991889
6000 0.05 0.000133332 1.3629953421928537e-07 0.20502553099999998  -1.914874392 -1.914843914 -1.914841276 -1.709848861 -1.709565758 -1.709413351 -1.709215806
6000 0.05 0.000133332 1.0982204848585469e-07 0.20591885399999987  -1.914862565 -1.914845201 -1.914817167 -1.708943711 -1.708886875 -1.708814352 -1.708583312
6000 0.05 0.000133332 1.6639379599457068e-07 0.2058905820000001  -1.914854277 -1.914831465 -1.914822042 -1.708963695 -1.708957411 -1.708792674 -1.708755824
6000 0.05 0.000133332 1.6782078033632147e-07 0.205046866  -1.914858501 -1.91484868 -1.914838137 -1.709811635 -1.709572783 -1.709538673 -1.708800534
6000 0.05 0.000133332 1.3539225079944834e-07 0.20513564100000004  -1.914866934 -1.914848364 -1.914830292 -1.709731293 -1.709706008 -1.709544069 -1.70929139
6000 0.05 0.000133332 1.2347787791461688e-07 0.20565335799999995  -1.914843868 -1.914834724 -1.914821716 -1.70919051 -1.709112583 -1.709098393 -1.70854559
6000 0.05 0.000133332 1.322313538419843e-07 0.20575508799999986  -1.914874408 -1.914857772 -1.914837939 -1.70911932 -1.709013293 -1.708978509 -1.708966521
6000 0.05 0.000133332 1.2271306532051808e-07 0.20508479299999993  -1.914886495 -1.914862616 -1.914850302 -1.709801702 -1.709777179 -1.709594436 -1.709377587
6050 0.05 0.000133332 1.352511241243765e-07 0.20549644899999997  -1.893111944 -1.893076383 -1.893062452 -1.687615495 -1.687558277 -1.687527414 -1.687024988
6050 0.05 0.000133332 1.3936059334768202e-07 0.20545372400000006  -1.893124027 -1.893090654 -1.893081769 -1.687670303 -1.687646576 -1.687469634 -1.687455914
6050 0.05 0.000133332 1.3693691464465508e-07 0.20610226199999993  -1.893092776 -1.893081844 -1.893070318 -1.686990514 -1.686934939 -1.686859201 -1.686783577
6050 0.05 0.000133332 1.2438600768278795e-07 0.20592465699999996  -1.893088011 -1.893075018 -1.893065476 -1.687163354 -1.687123283 -1.687091022 -1.686710976
6050 0.05 0.000133332 1.335087064141696e-07 0.20578463599999997  -1.893096273 -1.893093967 -1.893081543 -1.687311637 -1.687206272 -1.687177242 -1.686720363
6050 0.05 0.000133332 1.256293866403745e-07 0.20516181599999994  -1.893101548 -1.89307639 -1.893066278 -1.687939732 -1.687806549 -1.68772535 -1.687204595
6050 0.05 0.000133332 1.401071078363854e-07 0.205650216  -1.893108735 -1.893066497 -1.893061925 -1.687458519 -1.687442273 -1.6873651 -1.687343486
6050 0.05 0.000133332 1.3951125569020197e-07 0.20501362700000003  -1.893088049 -1.893073766 -1.893069854 -1.688074422 -1.688044496 -1.688003494 -1.687568697
6050 0.05 0.000133332 1.126616950989723e-07 0.2055648320000001  -1.893093616 -1.893079173 -1.893066886 -1.687528784 -1.687495961 -1.687377889 -1.686723392
6050 0.05 0.000133332 1.2612063963909171e-07 0.20565780700000014  -1.893114932 -1.893067279 -1.893051992 -1.687457125 -1.687442297 -1.687415839 -1.6869677
6050 0.05 0.000133332 1.1259033332828625e-07 0.205169441  -1.893094003 -1.893074245 -1.893060116 -1.687924562 -1.687889069 -1.68783811 -1.687169486
6050 0.05 0.000133332 1.1907294535194991e-07 0.2057453869999999  -1.893109854 -1.893093115 -1.893066862 -1.687364467 -1.687248506 -1.687185207 -1.686864452
6050 0.05 0.000133332 1.274150854619906e-07 0.20516796999999998  -1.893124552 -1.893095106 -1.893084503 -1.687956582 -1.687629379 -1.687441969 -1.687422
6050 0.05 0.000133332 1.0026077303628694e-07 0.20561578000000003  -1.893111376 -1.893083362 -1.893064048 -1.687495596 -1.687439898 -1.687315382 -1.687179987
6050 0.05 0.000133332 1.3230587286829944e-07 0.20608448200000007  -1.893097999 -1.893075718 -1.893070376 -1.687013517 -1.68687341 -1.686829268 -1.686793355
6050 0.05 0.000133332 1.3506469689663425e-07 0.20539008799999992  -1.893111963 -1.893106523 -1.893082351 -1.687721875 -1.687422809 -1.687246997 -1.686884801
6050 0.05 0.000133332 1.202856746411917e-07 0.20566417299999995  -1.893092134 -1.893079273 -1.893070327 -1.687427961 -1.68729296 -1.687213037 -1.687044604
6050 0.05 0.000133332 1.2065827279041915e-07 0.20568298299999999  -1.893110938 -1.893108305 -1.893094793 -1.687427955 -1.68730596 -1.687240689 -1.687162586
6050 0.05 0.000133332 1.277862988685302e-07 0.20540723000000005  -1.893145721 -1.89311191 -1.893073209 -1.687738491 -1.687516103 -1.687325538 -1.687281099
6050 0.05 0.000133332 1.297871198708526e-07 0.20478674600000013  -1.893128316 -1.8931027 -1.893082414 -1.68834157 -1.688286556 -1.687904729 -1.687841684
6050 0.05 0.000133332 1.3610253226949585e-07 0.20455137800000012  -1.893117342 -1.893090424 -1.893082814 -1.688565964 -1.688312821 -1.688154577 -1.68771397
6050 0.05 0.000133332 1.3562972942631994e-07 0.20573947299999995  -1.893103523 -1.893076659 -1.893070578 -1.68736405 -1.68730871 -1.687258654 -1.68703727
6050 0.05 0.000133332 1.2610929814659658e-07 0.205199672  -1.8931021 -1.893070082 -1.893058019 -1.687902428 -1.687837888 -1.687803009 -1.687540547
6050 0.05 0.000133332 1.2103870497927868e-07 0.20586117700000006  -1.893104434 -1.893097108 -1.893051599 -1.687243257 -1.687204489 -1.687029053 -1.686857783
6050 0.05 0.000133332 1.2755188715639052e-07 0.20525161000000014  -1.893081269 -1.893075632 -1.893071998 -1.687829659 -1.687768665 -1.687747246 -1.687410912
6050 0.05 0.000133332 1.0725317488794266e-07 0.20520147300000002  -1.893147568 -1.893100904 -1.893056389 -1.687946095 -1.687747773 -1.687653273 -1.68734276
6050 0.05 0.000133332 1.3577144683095008e-07 0.20582484  -1.893088474 -1.893080465 -1.893059571 -1.687263634 -1.687226708 -1.687175669 -1.686905935
6050 0.05 0.000133332 1.45898623961511e-07 0.20454180899999996  -1.893105431 -1.893097171 -1.893092787 -1.688563622 -1.688430973 -1.688272009 -1.687856875
6050 0.05 0.000133332 1.3880523239897825e-07 0.20507322800000005  -1.893102479 -1.893070766 -1.893061925 -1.688029251 -1.687998038 -1.687977105 -1.686823249
6050 0.05 0.000133332 1.1774841033848306e-07 0.20611414499999992  -1.893096747 -1.893081972 -1.893065469 -1.686982602 -1.686878066 -1.686859837 -1.686810213
6100 0.05 0.000133332 1.3018859751652672e-07 0.20508701200000012  -1.907186215 -1.90717928 -1.907154806 -1.702099203 -1.702004835 -1.701846567 -1.701730654
6100 0.05 0.000133332 1.3800383443230683e-07 0.20560588599999985  -1.907186004 -1.907145146 -1.907117935 -1.701580118 -1.701563526 -1.701465368 -1.701233298
6100 0.05 0.000133332 1.6157353825008063e-07 0.20507938500000011  -1.90716722 -1.907161163 -1.907146308 -1.702087835 -1.701909566 -1.701655107 -1.701567883
6100 0.05 0.000133332 1.3405211626658177e-07 0.20568771000000008  -1.907175458 -1.907157138 -1.907146281 -1.701487748 -1.70143486 -1.701370724 -1.701174797
6100 0.05 0.000133332 1.2034879718116242e-07 0.20428668000000005  -1.907177458 -1.907157604 -1.907133398 -1.702890778 -1.70275245 -1.702456584 -1.702310379
6100 0.05 0.000133332 1.3996534897548847e-07 0.20576574799999992  -1.907181351 -1.907138028 -1.907133504 -1.701415603 -1.701402217 -1.701387181 -1.701139331
6100 0.05 0.000133332 1.5059920210126742e-07 0.20499180700000008  -1.907168035 -1.907161577 -1.907132021 -1.702176228 -1.702126223 -1.701928488 -1.701420859
6100 0.05 0.000133332 1.176207261325058e-07 0.20511805400000016  -1.907195326 -1.907173207 -1.907164456 -1.702077272 -1.702046514 -1.702033219 -1.701738506
6100 0.05 0.000133332 1.4957300500689673e-07 0.20597575699999982  -1.907193569 -1.907160142 -1.907135584 -1.701217812 -1.701105688 -1.701039101 -1.70081018
6100 0.05 0.000133332 1.0617298075292798e-07 0.20583123399999992  -1.907179539 -1.907154723 -1.90712288 -1.701348305 -1.701282815 -1.701204834 -1.700976769
6100 0.05 0.000133332 1.284615883710639e-07 0.20498298599999987  -1.907190711 -1.907140619 -1.907138959 -1.702207725 -1.702023563 -1.702016676 -1.701968362
6100 0.05 0.000133332 1.4774086758191195e-07 0.20610108900000013  -1.907151765 -1.907146142 -1.907144765 -1.701050676 -1.701012541 -1.700964109 -1.700862591
6100 0.05 0.000133332 1.0077328005337011e-07 0.205401151  -1.907167307 -1.907160824 -1.907148974 -1.701766156 -1.701735422 -1.701677111 -1.701403802
6100 0.05 0.000133332 1.1801968977532629e-07 0.20562465299999988  -1.907181512 -1.907169403 -1.907130465 -1.701556859 -1.701520994 -1.701459951 -1.701240472
6100 0.05 0.000133332 2.0528836246896505e-07 0.20624935900000008  -1.90717 -1.907144208 -1.90713479 -1.700920641 -1.700900182 -1.700860342 -1.700693885
6100 0.05 0.000133332 1.444922621233541e-07 0.2042935159999999  -1.907190496 -1.907185659 -1.907149238 -1.70289698 -1.702864531 -1.702499181 -1.702128822
6100 0.05 0.000133332 1.3867180945912818e-07 0.205857387  -1.9071704 -1.907162726 -1.907150765 -1.701313013 -1.701163422 -1.701115725 -1.701051705
6100 0.05 0.000133332 1.1348311608963138e-07 0.20555754900000012  -1.907170814 -1.907161917 -1.907153047 -1.701613265 -1.701510057 -1.701377808 -1.701352133
6100 0.05 0.000133332 1.4727970058078974e-07 0.204893137  -1.907175199 -1.907164489 -1.907148197 -1.702282062 -1.702254879 -1.702112923 -1.701899593
6100 0.05 0.000133332 1.2000073237582155e-07 0.20602409799999988  -1.90717729 -1.907167823 -1.907161377 -1.701153192 -1.701044043 -1.700890998 -1.700858237
6100 0.05 0.000133332 1.1145850154333222e-07 0.20448281199999996  -1.907192794 -1.907138621 -1.907130716 -1.702709982 -1.702536564 -1.702496324 -1.702003988
6100 0.05 0.000133332 1.4378162518181454e-07 0.20485941200000002  -1.907171098 -1.907143546 -1.907140981 -1.702311686 -1.702248876 -1.70218692 -1.701803784
6100 0.05 0.000133332 1.4490213351758927e-07 0.2057252329999999  -1.907196752 -1.907183311 -1.907146219 -1.701471519 -1.701363081 -1.701132383 -1.701047848
6100 0.05 0.000133332 1.1293425368942503e-07 0.20534849900000007  -1.907176463 -1.907155235 -1.907141094 -1.701827964 -1.701641274 -1.701597696 -1.701438537
6100 0.05 0.000133332 1.1253103388029922e-07 0.20474780000000004  -1.907178 -1.907156126 -1.907153338 -1.7024302 -1.702332459 -1.702035459 -1.701948296
6100 0.05 0.000133332 1.4084063915268534e-07 0.20582217600000008  -1.907183451 -1.907160483 -1.907104719 -1.701361275 -1.701325213 -1.701260138 -1.700852834
6100 0.05 0.000133332 1.3394102316131488e-07 0.20539596400000004  -1.907176323 -1.907164463 -1.907130383 -1.701780359 -1.701661492 -1.701547475 -1.701495804
6100 0.05 0.000133332 1.6216015391714445e-07 0.20429772199999996  -1.90716691 -1.907156146 -1.907145236 -1.702869188 -1.702740861 -1.702584886 -1.702385349
6100 0.05 0.000133332 1.3429128875656917e-07 0.20600461599999997  -1.907217777 -1.907174106 -1.907115379 -1.701213161 -1.701204436 -1.701112642 -1.700968452
6100 0.05 0.000133332 1.2801446079870937e-07 0.20619126200000015  -1.907169958 -1.907159316 -1.90713355 -1.700978696 -1.700947152 -1.700884552 -1.700870623
