2.000000000000000111e-01 2.500000000000000139e-02 2.423163238790180785e+01 5.993667310814904114e-02 0.000000000000000000e+00
1.800000000000000211e-01 2.250000000000000264e-02 2.570436891021465797e+01 3.673483718573043733e-02 0.000000000000000000e+00
1.620000000000000329e-01 2.025000000000000411e-02 2.410713853317457023e+01 2.040431527886781005e-02 0.000000000000000000e+00
1.458000000000000407e-01 1.822500000000000508e-02 1.817449369810570303e+01 1.600162844545741439e-02 0.000000000000000000e+00
1.603800000000000503e-01 1.640250000000000388e-02 2.423834926219378616e+01 1.238319999152772029e-02 0.000000000000000000e+00
1.443420000000000536e-01 1.476225000000000454e-02 2.204786125937701513e+01 8.803955400708936979e-03 0.000000000000000000e+00
1.299078000000000455e-01 1.328602500000000512e-02 1.881471164762026405e+01 4.732383827408247548e-03 0.000000000000000000e+00
1.428985800000000528e-01 1.195742250000000548e-02 2.316357511065705665e+01 5.258225745560465847e-03 0.000000000000000000e+00
1.286087220000000642e-01 1.076168025000000597e-02 1.797794164343800105e+01 3.996076194803188653e-03 0.000000000000000000e+00
1.414695942000000761e-01 9.685512225000005027e-03 1.944860307448005443e+01 3.009149921890145411e-03 0.000000000000000000e+00
1.556165536200000976e-01 8.716961002500004177e-03 2.347351172627882221e+01 3.843850560095273764e-03 0.000000000000000000e+00
1.400548982580001045e-01 7.845264902250003239e-03 1.893926525071356792e+01 2.918440702249793916e-03 0.000000000000000000e+00
1.540603880838001261e-01 7.060738412025003088e-03 2.084517110507996307e+01 2.357693633279694424e-03 0.000000000000000000e+00
1.386543492754201135e-01 6.354664570822503300e-03 1.700273916457200940e+01 1.543497546736927011e-03 0.000000000000000000e+00
1.525197842029621387e-01 5.719198113740253317e-03 2.073872965017745784e+01 1.425912100936966784e-03 0.000000000000000000e+00
1.372678057826659248e-01 5.147278302366228332e-03 2.086640202341441963e+01 1.274341172380627800e-03 0.000000000000000000e+00
1.235410252043993296e-01 4.632550472129605412e-03 1.730539367759311986e+01 6.492697047373620616e-04 0.000000000000000000e+00
1.358951277248392764e-01 4.169295424916645218e-03 1.734273536139679095e+01 6.895588921478046883e-04 0.000000000000000000e+00
1.494846404973232123e-01 3.752365882424980870e-03 2.524244104069016359e+01 5.427239974260349414e-04 0.000000000000000000e+00
1.345361764475908883e-01 3.377129294182483043e-03 1.665476688557546581e+01 4.181567067631600807e-04 0.000000000000000000e+00
1.479897940923499966e-01 3.039416364764234955e-03 2.295823095012731940e+01 4.669999085451481376e-04 0.000000000000000000e+00
1.331908146831149997e-01 2.735474728287811460e-03 2.033847712279838760e+01 2.959235369714817302e-04 0.000000000000000000e+00
1.198717332148035025e-01 2.461927255459030271e-03 1.788668885984219870e+01 1.915448043417674879e-04 0.000000000000000000e+00
1.318589065362838764e-01 2.215734529913127287e-03 2.030281060041620833e+01 1.760456025198708821e-04 0.000000000000000000e+00
1.186730158826554971e-01 1.994161076921814775e-03 1.682919057721607103e+01 1.230950433620624077e-04 0.000000000000000000e+00
1.305403174709210690e-01 1.794744969229633428e-03 2.129676576247784681e+01 1.154964972974087850e-04 0.000000000000000000e+00
1.174862857238289648e-01 1.615270472306670150e-03 1.410119723015242776e+01 8.171889742767765477e-05 0.000000000000000000e+00
1.292349142962118669e-01 1.776797519537337295e-03 1.902475019525735078e+01 9.013227178851629102e-05 0.000000000000000000e+00
1.421584057258330758e-01 1.954477271491070981e-03 2.006135363169798680e+01 1.605861212550502141e-04 0.000000000000000000e+00
1.279425651532497821e-01 1.759029544341963926e-03 1.845486947507781395e+01 1.157733561783917708e-04 0.000000000000000000e+00
1.407368216685747631e-01 1.583126589907767620e-03 1.883026584124438685e+01 1.080339697970642286e-04 0.000000000000000000e+00
1.548105038354322394e-01 1.424813930916990880e-03 2.280910643217026390e+01 1.098509831705320617e-04 0.000000000000000000e+00
1.393294534518890182e-01 1.282332537825291857e-03 1.880735710020422147e+01 7.428620528193085823e-05 0.000000000000000000e+00
1.532623987970779256e-01 1.410565791607821086e-03 1.869166298993762254e+01 9.339835230080055484e-05 0.000000000000000000e+00
1.685886386767857237e-01 1.551622370768603217e-03 2.113925887633148193e+01 1.272725898977395667e-04 0.000000000000000000e+00
1.517297748091071541e-01 1.396460133691742982e-03 2.111674792907024312e+01 1.008856452264007310e-04 0.000000000000000000e+00
1.365567973281964498e-01 1.396460133691742982e-03 1.802645547085448641e+01 6.877757607719077449e-05 0.000000000000000000e+00
1.502124770610161197e-01 1.536106147060917453e-03 1.888356912420834988e+01 1.044216357778815355e-04 0.000000000000000000e+00
1.652337247671177567e-01 1.382495532354825665e-03 2.480618123217289650e+01 1.107424388837644456e-04 0.000000000000000000e+00
1.487103522904059949e-01 1.244245979119343055e-03 1.765469242801582794e+01 6.266908348643269815e-05 0.000000000000000000e+00
1.635813875194466194e-01 1.368670577031277577e-03 2.457739571472310658e+01 1.007131481700736459e-04 0.000000000000000000e+00
1.472232487675019519e-01 1.368670577031277577e-03 2.238128360616754620e+01 7.821302940537664381e-05 0.000000000000000000e+00
1.325009238907517706e-01 1.505537634734405378e-03 1.584047778941661022e+01 7.086739515362023125e-05 0.000000000000000000e+00
1.457510162798269504e-01 1.656091398207845981e-03 2.002403043633328394e+01 1.139260958253581802e-04 0.000000000000000000e+00
1.311759146518442498e-01 1.490482258387061318e-03 1.893894797313881639e+01 8.548447032211709136e-05 0.000000000000000000e+00
1.442935061170286803e-01 1.639530484225767493e-03 1.910948416192943000e+01 1.238099536841995980e-04 0.000000000000000000e+00
1.587228567287315706e-01 1.475577435803190679e-03 2.472359563894102763e+01 9.057749088435365669e-05 0.000000000000000000e+00
1.428505710558584108e-01 1.623135179383509942e-03 2.214708945637846327e+01 1.157628154936998245e-04 0.000000000000000000e+00
1.285655139502725752e-01 1.460821661445159013e-03 1.585555694090388101e+01 7.621951967964298361e-05 0.000000000000000000e+00
1.414220653452998577e-01 1.606903827589674979e-03 2.155216961499518291e+01 1.241946297624107554e-04 0.000000000000000000e+00
1.272798588107698636e-01 1.446213444830707438e-03 2.048431420079280940e+01 6.475097012205763931e-05 0.000000000000000000e+00
1.145518729296928773e-01 1.590834789313778355e-03 1.405460259774131337e+01 7.122775429304236121e-05 0.000000000000000000e+00
1.260070602226621705e-01 1.749918268245156385e-03 1.713014986496451186e+01 1.290803558527187154e-04 0.000000000000000000e+00
1.386077662449284043e-01 1.574926441420640855e-03 2.078300269965088276e+01 8.788925723715445431e-05 0.000000000000000000e+00
1.247469896204355666e-01 1.732419085562705158e-03 1.560091088183142460e+01 1.035533835925134418e-04 0.000000000000000000e+00
1.372216885824791288e-01 1.559177177006434599e-03 1.755535357466330737e+01 8.606016205536826948e-05 0.000000000000000000e+00
1.509438574407270528e-01 1.715094894707078297e-03 1.873915521268046902e+01 1.233923225038607483e-04 0.000000000000000000e+00
1.660382431847997609e-01 1.543585405236370597e-03 2.314127019581858846e+01 1.282246895689043891e-04 0.000000000000000000e+00
1.494344188663197792e-01 1.389226864712733624e-03 1.973283757817143780e+01 1.030551338703654038e-04 0.000000000000000000e+00
1.643778607529517710e-01 1.250304178241460262e-03 2.126521660369282429e+01 9.273751410161435089e-05 0.000000000000000000e+00
1.479400746776566022e-01 1.375334596065606353e-03 2.000114326367491202e+01 1.124271006253056948e-04 0.000000000000000000e+00
1.479400746776566022e-01 1.237801136459045848e-03 2.245754972916209624e+01 5.961881976914924807e-05 0.000000000000000000e+00
1.331460672098909448e-01 1.361581250104950585e-03 1.591013985721956558e+01 7.286193529437026500e-05 0.000000000000000000e+00
1.464606739308800532e-01 1.497739375115445751e-03 2.075478333300775802e+01 1.103698972717182425e-04 0.000000000000000000e+00
1.318146065377920617e-01 1.347965437603901263e-03 1.779759459201918759e+01 6.585628503072057103e-05 0.000000000000000000e+00
1.449960671915712929e-01 1.482761981364291454e-03 2.256408145211523220e+01 9.822781059906208242e-05 0.000000000000000000e+00
1.304964604724141719e-01 1.482761981364291454e-03 1.690527171126057482e+01 7.664804874745327385e-05 0.000000000000000000e+00
1.435461065196556030e-01 1.631038179500720730e-03 2.223028437617655584e+01 9.080464875292420471e-05 0.000000000000000000e+00
1.291914958676900482e-01 1.794141997450792933e-03 2.253060929793818090e+01 1.000782637342059555e-04 0.000000000000000000e+00
1.162723462809210490e-01 1.794141997450792933e-03 1.791184066031284416e+01 8.849345811807833844e-05 0.000000000000000000e+00
1.278995809090131552e-01 1.973556197195872487e-03 1.815835714769627884e+01 1.401699615807991905e-04 0.000000000000000000e+00
1.406895389999144874e-01 1.776200577476285238e-03 1.789033947327425622e+01 1.389208329932818057e-04 0.000000000000000000e+00
1.547584928999059528e-01 1.598580519728656649e-03 2.011633505406160793e+01 1.567384750363871415e-04 0.000000000000000000e+00
1.392826436099153520e-01 1.438722467755791049e-03 2.298461628900329856e+01 8.227620011923549655e-05 0.000000000000000000e+00
1.253543792489238140e-01 1.582594714531370371e-03 1.683455101506877583e+01 7.661585188790243474e-05 0.000000000000000000e+00
1.378898171738162093e-01 1.740854185984507538e-03 2.254262444858987280e+01 1.053667657849205496e-04 0.000000000000000000e+00
1.241008354564345911e-01 1.566768767386056893e-03 1.408380528596787329e+01 8.128510402209630759e-05 0.000000000000000000e+00
1.365109190020780683e-01 1.723445644124662777e-03 2.209365895892498344e+01 1.092542722987799948e-04 0.000000000000000000e+00
1.228598271018702670e-01 1.551101079712196521e-03 2.072595004525508244e+01 7.471397765450585521e-05 0.000000000000000000e+00
1.105738443916832459e-01 1.706211187683416347e-03 1.554706144966279524e+01 7.746033044189892130e-05 0.000000000000000000e+00
2.000000000000000111e-01 1.479400746776566022e-01 2.762364069324902260e+01 1.726250645940012429e+00 0.000000000000000000e+00
1.000000000000000056e-01 1.109550560082424586e-01 1.355679441429871268e+01 2.593728871864937058e-01 0.000000000000000000e+00
2.000000000000000111e-01 8.321629200618184397e-02 3.025717700650583808e+01 4.489284327213708958e-01 0.000000000000000000e+00
1.000000000000000056e-01 6.241221900463637950e-02 1.215812132013654434e+01 8.277651662848063696e-02 0.000000000000000000e+00
2.000000000000000111e-01 4.680916425347728116e-02 2.955223473845002147e+01 1.909909477958746660e-01 0.000000000000000000e+00
1.000000000000000056e-01 3.510687319010796087e-02 1.011924347415888370e+01 2.870443509284641495e-02 0.000000000000000000e+00
2.000000000000000111e-01 2.633015489258096892e-02 3.233221180151369367e+01 4.721095122855807624e-02 0.000000000000000000e+00
1.000000000000000056e-01 1.974761616943572495e-02 1.524714521916748211e+01 9.165018123434129707e-03 0.000000000000000000e+00
2.000000000000000111e-01 1.481071212707679371e-02 2.528612396850860478e+01 1.716111867307772154e-02 0.000000000000000000e+00
1.000000000000000056e-01 1.110803409530759442e-02 1.174479107015979373e+01 2.425600684923662036e-03 0.000000000000000000e+00
2.000000000000000111e-01 8.331025571480694947e-03 2.804339196687946512e+01 4.763161978442171166e-03 0.000000000000000000e+00
1.000000000000000056e-01 6.248269178610521210e-03 1.253362413730996039e+01 8.263486839148431306e-04 0.000000000000000000e+00
2.000000000000000111e-01 4.686201883957890474e-03 2.779180210462352463e+01 1.710987161516745476e-03 0.000000000000000000e+00
1.000000000000000056e-01 3.514651412968417855e-03 1.326971008599223900e+01 2.983244419430156969e-04 0.000000000000000000e+00
2.000000000000000111e-01 2.635988559726313608e-03 2.779491616408553867e+01 4.432633650697446722e-04 0.000000000000000000e+00
1.000000000000000056e-01 1.976991419794735423e-03 1.157290191349346387e+01 8.966200074020920052e-05 0.000000000000000000e+00
2.000000000000000111e-01 2.635981969754914306e-03 2.924946121912356745e+01 5.787180294379835020e-04 0.000000000000000000e+00
1.000000000000000056e-01 1.976986477316185729e-03 1.016531567497068878e+01 8.824071800667963362e-05 0.000000000000000000e+00
2.000000000000000111e-01 2.635975379799989672e-03 3.233283178213643794e+01 4.820285987139093014e-04 0.000000000000000000e+00
1.000000000000000056e-01 1.976981534849992471e-03 1.402311757083502108e+01 8.871868032489761355e-05 0.000000000000000000e+00
2.000000000000000111e-01 2.635968789861540141e-03 2.871204547630957649e+01 4.685514765859123297e-04 0.000000000000000000e+00
1.000000000000000056e-01 1.976976592396155214e-03 1.449595517362243058e+01 9.024655920265040195e-05 0.000000000000000000e+00
2.000000000000000111e-01 2.635962199939565279e-03 2.745408500533847729e+01 5.046687224078012226e-04 0.000000000000000000e+00
1.000000000000000056e-01 1.976971649954673959e-03 1.096733924080568201e+01 8.141812718669543263e-05 0.000000000000000000e+00
2.000000000000000111e-01 2.635955610034065085e-03 2.789525133710181848e+01 5.391037422427405554e-04 0.000000000000000000e+00
1.000000000000000056e-01 1.976966707525548705e-03 1.391853557160256116e+01 8.170177546772669009e-05 0.000000000000000000e+00
2.000000000000000111e-01 2.635949020145039561e-03 3.126427716497077114e+01 4.790258920594743053e-04 0.000000000000000000e+00
1.000000000000000056e-01 1.976961765108779454e-03 1.498758483223494409e+01 9.263175563553229647e-05 0.000000000000000000e+00
2.000000000000000111e-01 2.635942430272488705e-03 2.245619790694391327e+01 5.766920634132672186e-04 0.000000000000000000e+00
1.000000000000000056e-01 1.976956822704366637e-03 1.180952648740662347e+01 8.679336277314585418e-05 0.000000000000000000e+00
2.000000000000000111e-01 2.635935840416412951e-03 2.653471526764364441e+01 4.234697810107904310e-04 0.000000000000000000e+00
1.000000000000000056e-01 1.976951880312309822e-03 1.154565793213003211e+01 8.785168639586836230e-05 0.000000000000000000e+00
2.000000000000000111e-01 2.635929250576811867e-03 2.791894579052570435e+01 5.517576161332677200e-04 0.000000000000000000e+00
1.000000000000000056e-01 1.976946937932609009e-03 1.081923839321385117e+01 8.292409348160167189e-05 0.000000000000000000e+00
2.000000000000000111e-01 2.635922660753685452e-03 2.577905706149873666e+01 5.308779267159893398e-04 0.000000000000000000e+00
1.000000000000000056e-01 1.976941995565264197e-03 1.125785425551544350e+01 7.596884147363069917e-05 0.000000000000000000e+00
2.000000000000000111e-01 2.635916070947033705e-03 2.789957395165095022e+01 5.341216455440110731e-04 0.000000000000000000e+00
1.000000000000000056e-01 1.976937053210275387e-03 1.612004224356484627e+01 9.402582223765274254e-05 0.000000000000000000e+00
2.000000000000000111e-01 2.635909481156856193e-03 2.651635352605971008e+01 5.673117479802898240e-04 0.000000000000000000e+00
1.000000000000000056e-01 1.976932110867642145e-03 1.180572768469785672e+01 7.573414482502208210e-05 0.000000000000000000e+00
2.000000000000000111e-01 1.479400746776566022e-01 2.859397465104522595e+01 1.293370474354605948e+00 0.000000000000000000e+00
1.000000000000000056e-01 1.109550560082424586e-01 1.378846493079741720e+01 2.414697382716088359e-01 0.000000000000000000e+00
2.000000000000000111e-01 8.321629200618184397e-02 2.761374946498289162e+01 4.646602230570223702e-01 0.000000000000000000e+00
1.900000000000000022e-01 6.241221900463637950e-02 2.292812705878784740e+01 2.246710388363060695e-01 0.000000000000000000e+00
1.804999999999999938e-01 4.680916425347728116e-02 2.857005283054079570e+01 1.198995660199234370e-01 0.000000000000000000e+00
1.714749999999999885e-01 3.510687319010796087e-02 2.297791506810343165e+01 7.800958439087711527e-02 0.000000000000000000e+00
1.629012499999999697e-01 2.633015489258096892e-02 2.482158437690199904e+01 4.199510173489767045e-02 0.000000000000000000e+00
1.547561874999999754e-01 1.974761616943572495e-02 2.088449154348463566e+01 2.226257564578236481e-02 0.000000000000000000e+00
1.470183781249999599e-01 1.481071212707679371e-02 1.912212494284090525e+01 9.769755625931445323e-03 0.000000000000000000e+00
1.543692970312499635e-01 1.110803409530759442e-02 2.251278824618000129e+01 5.459906516475025555e-03 0.000000000000000000e+00
1.466508321796874681e-01 8.331025571480694947e-03 2.318640304062936508e+01 2.681295839363529842e-03 0.000000000000000000e+00
1.393182905707030794e-01 6.248269178610521210e-03 1.947982313654707553e+01 1.469581857947613529e-03 0.000000000000000000e+00
1.462842050992382292e-01 4.686201883957890474e-03 2.269428433577473214e+01 8.499941295412770858e-04 0.000000000000000000e+00
1.389699948442763011e-01 3.514651412968417855e-03 1.959392453132921474e+01 5.680391161204630720e-04 0.000000000000000000e+00
1.459184945864901162e-01 2.635988559726313608e-03 2.174373870516888019e+01 2.980044064393328070e-04 0.000000000000000000e+00
1.386225698571656173e-01 1.976991419794735423e-03 2.295395872447681285e+01 1.593764004771139277e-04 0.000000000000000000e+00
1.316914413643073267e-01 1.482743564846051567e-03 2.043154584482560310e+01 7.213153244550037319e-05 0.000000000000000000e+00
1.251068692960919659e-01 1.976986477316185729e-03 1.558589212570374016e+01 1.397397408194396454e-04 0.000000000000000000e+00
1.313622127608965739e-01 1.878137153450376313e-03 1.582800384529508619e+01 1.405697582658916472e-04 0.000000000000000000e+00
1.379303233989414013e-01 1.784230295777857432e-03 1.976096868364064107e+01 1.333676735689109461e-04 0.000000000000000000e+00
2.000000000000000111e-01 1.479400746776566022e-01 3.167015929187405732e+01 1.459049534090486544e+00 0.000000000000000000e+00
1.000000000000000056e-01 1.109550560082424586e-01 1.374234491625546539e+01 2.510559483932862657e-01 0.000000000000000000e+00
2.000000000000000111e-01 8.321629200618184397e-02 3.008178956502495538e+01 5.209029859223179848e-01 0.000000000000000000e+00
1.000000000000000056e-01 6.241221900463637950e-02 1.500403747676112687e+01 7.730697973224569253e-02 0.000000000000000000e+00
1.250000000000000000e-01 4.680916425347728116e-02 1.803136210206898937e+01 7.466505815425442116e-02 0.000000000000000000e+00
1.458333333333333426e-01 3.510687319010796087e-02 2.140365255570753078e+01 5.332060232726811011e-02 0.000000000000000000e+00
1.215277777777777901e-01 2.633015489258096892e-02 1.829575583471902078e+01 2.184651378813140879e-02 0.000000000000000000e+00
1.367187500000000000e-01 1.974761616943572495e-02 1.946804590677846747e+01 1.358982704257187014e-02 0.000000000000000000e+00
1.503906250000000000e-01 1.481071212707679371e-02 2.132979617603318445e+01 1.205539708900224376e-02 0.000000000000000000e+00
1.353515624999999944e-01 1.110803409530759442e-02 1.615436188897822589e+01 4.343984158459410910e-03 0.000000000000000000e+00
1.466308593749999778e-01 8.331025571480694947e-03 2.514912589433066259e+01 3.077755859015067572e-03 0.000000000000000000e+00
1.361572265624999833e-01 6.248269178610521210e-03 2.037730784199198553e+01 1.603540857004069359e-03 0.000000000000000000e+00
1.276473999023437222e-01 4.686201883957890474e-03 1.821811657615586455e+01 7.570201256816636026e-04 0.000000000000000000e+00
1.356253623962402066e-01 3.514651412968417855e-03 2.079124912992288543e+01 4.262487588970183088e-04 0.000000000000000000e+00
1.280906200408935269e-01 2.635988559726313608e-03 1.713089901230493339e+01 2.386757203446841172e-04 0.000000000000000000e+00
1.344951510429382158e-01 1.976991419794735423e-03 1.629336739473232143e+01 1.726837794627188432e-04 0.000000000000000000e+00
1.406085669994354137e-01 1.482743564846051567e-03 1.534422037720560184e+01 8.285550133592617470e-05 0.000000000000000000e+00
1.469998654994097431e-01 1.976986477316185729e-03 1.945292399446167764e+01 1.523475633827720444e-04 0.000000000000000000e+00
1.536816775675647340e-01 9.884932386580928647e-04 2.121628748428283728e+01 4.621460481230173066e-05 0.000000000000000000e+00
1.466961467690390819e-01 1.235616548322616189e-03 2.086231380881104869e+01 6.564120258755264017e-05 0.000000000000000000e+00
1.405838073203291294e-01 1.441552639709719032e-03 2.019459574925279099e+01 7.529543170644026611e-05 0.000000000000000000e+00
1.347261486819820997e-01 1.681811412994672385e-03 2.137578259118847157e+01 1.098223153551107923e-04 0.000000000000000000e+00
1.291125591535661754e-01 1.401509510828893726e-03 1.950704814238949325e+01 5.782621187729719949e-05 0.000000000000000000e+00
1.344922491182981017e-01 1.576698199682505415e-03 2.217438950011909782e+01 8.425920530980554113e-05 0.000000000000000000e+00
1.293194703060558670e-01 1.734368019650756087e-03 1.840304527552120462e+01 1.168734016787481149e-04 0.000000000000000000e+00
1.339380228169864406e-01 1.560931217685680456e-03 1.919414602255519142e+01 9.814381572990152618e-05 0.000000000000000000e+00
1.384026235775526747e-01 1.691008819159487125e-03 2.053015983669835620e+01 9.686628603092135067e-05 0.000000000000000000e+00
1.337892027916342541e-01 1.811795163385164715e-03 2.085524097345167860e+01 1.156965420433387736e-04 0.000000000000000000e+00
1.296082902043956819e-01 1.682381223143367219e-03 1.879200436021362108e+01 1.080143261359022737e-04 0.000000000000000000e+00
1.336585492732830505e-01 1.577232396696906687e-03 1.666273431630670387e+01 8.967212773613874200e-05 0.000000000000000000e+00
1.375896830754384237e-01 1.675809421490463301e-03 1.772767859310068417e+01 1.143461387719990385e-04 0.000000000000000000e+00
1.416364384600101167e-01 1.582708898074326439e-03 1.615044382360226294e+01 9.491653265044871536e-05 0.000000000000000000e+00
1.458022160617750973e-01 1.661844342978042880e-03 2.042031971697696946e+01 9.435877137976718388e-05 0.000000000000000000e+00
1.415139155893699596e-01 1.737382722204317389e-03 2.435097239351352272e+01 1.198149960485100712e-04 0.000000000000000000e+00
1.375829734896652501e-01 1.658410780285939296e-03 1.877907162047507228e+01 9.689637764182494487e-05 0.000000000000000000e+00
1.414047227532670425e-01 1.727511229464520235e-03 1.792601759369524572e+01 1.293536299992905487e-04 0.000000000000000000e+00
1.451258996678267132e-01 1.661068489869731071e-03 2.321257606941031071e+01 1.233967665036468588e-04 0.000000000000000000e+00
1.413067970449891630e-01 1.601744615231526312e-03 2.335868228992309170e+01 8.908087672976342159e-05 0.000000000000000000e+00
1.377741271188644423e-01 1.658949780061223789e-03 2.161935981773209647e+01 9.949523132934102684e-05 0.000000000000000000e+00
1.343297739408928215e-01 1.658949780061223789e-03 2.261676242465986064e+01 1.023718634885874626e-04 0.000000000000000000e+00
1.309715295923704892e-01 1.603651454059183039e-03 1.729044276731940855e+01 9.283403901969834672e-05 0.000000000000000000e+00
1.342458178321797313e-01 1.653765561998532529e-03 1.786654340790614270e+01 9.548039785803623045e-05 0.000000000000000000e+00
1.374421468281840086e-01 1.702405725586724535e-03 2.003722991644739793e+01 1.159963667658271734e-04 0.000000000000000000e+00
1.341697147608462981e-01 1.652334968951820783e-03 2.217867562310062013e+01 1.105102516405983301e-04 0.000000000000000000e+00
1.311204030617361682e-01 1.606436775369825785e-03 2.484236818307632433e+01 7.366362635623965025e-05 0.000000000000000000e+00
1.281403939012421556e-01 1.651060019130098531e-03 1.608344160363682462e+01 9.650952241549249158e-05 0.000000000000000000e+00
1.310526755808158472e-01 1.694508967001943315e-03 1.721460534531655640e+01 9.979236256182752094e-05 0.000000000000000000e+00
1.339016467890944695e-01 1.694508967001943315e-03 1.745600646425181068e+01 9.107463168351870037e-05 0.000000000000000000e+00
1.368125521540747846e-01 1.739101308238836640e-03 1.936993037517098770e+01 1.061961859836993861e-04 0.000000000000000000e+00
1.397867380704677365e-01 1.693335484337814669e-03 1.951512997934104376e+01 1.177007540698032505e-04 0.000000000000000000e+00
1.428255802024344379e-01 1.651002097229369242e-03 1.871368698708524292e+01 1.093307938437109258e-04 0.000000000000000000e+00
1.459304841198786895e-01 1.609727044798634887e-03 2.042455436746884345e+01 1.397506877511689850e-04 0.000000000000000000e+00
1.427580822911856673e-01 1.569483868678668917e-03 2.211719143387302822e+01 9.686437100483477711e-05 0.000000000000000000e+00
1.397839555767859676e-01 1.608720965395635510e-03 2.175194052682588008e+01 9.296752257903118815e-05 0.000000000000000000e+00
1.368717898356029139e-01 1.647023845524102836e-03 2.186489408188189643e+01 9.079622369464923257e-05 0.000000000000000000e+00
1.340202942140278353e-01 1.686238698988962257e-03 2.119866524162170052e+01 1.191643915957480018e-04 0.000000000000000000e+00
1.312282047512355887e-01 1.646090158536844036e-03 2.555318657490972001e+01 8.957734125442575889e-05 0.000000000000000000e+00
1.284942838189181702e-01 1.683501298503590560e-03 1.849844665542148192e+01 1.174377206814922333e-04 0.000000000000000000e+00
1.311712480651456292e-01 1.646903444188295212e-03 2.068906248382632995e+01 9.718703111001795298e-05 0.000000000000000000e+00
1.285478231038427177e-01 1.681213932608884628e-03 1.678553988525160534e+01 1.110926960538822020e-04 0.000000000000000000e+00
1.310198966250704644e-01 1.647589653956707013e-03 1.605366694981603359e+01 9.941977399836970074e-05 0.000000000000000000e+00
1.334461910070162127e-01 1.647589653956707013e-03 1.690350214623301284e+01 9.633460555866308543e-05 0.000000000000000000e+00
1.359174167664054245e-01 1.679274070378951279e-03 2.140952041663182115e+01 9.991740678239217975e-05 0.000000000000000000e+00
1.334004275670275519e-01 1.679274070378951279e-03 2.168195896713094584e+01 1.075595122571267769e-04 0.000000000000000000e+00
1.310182770747591874e-01 1.648176402408970840e-03 1.706450367593779660e+01 8.772348545066488272e-05 0.000000000000000000e+00
1.333578891653798837e-01 1.677608123880559594e-03 1.812280301548464223e+01 1.178513714172442305e-04 0.000000000000000000e+00
1.356571631165071068e-01 1.648683845882618904e-03 2.058383294866710855e+01 9.762321157502758197e-05 0.000000000000000000e+00
1.333182465110500925e-01 1.676161909980662451e-03 2.117697716588151735e+01 9.730302347197859248e-05 0.000000000000000000e+00
1.310962757358659081e-01 1.703196779496479654e-03 1.693262730340852684e+01 9.422370984942844631e-05 0.000000000000000000e+00
1.332812136647970047e-01 1.730667695294809977e-03 2.095183925900263944e+01 9.795942286582504013e-05 0.000000000000000000e+00
1.311315166702035073e-01 1.758581690380210194e-03 1.849433646597027803e+01 1.268048078248526934e-04 0.000000000000000000e+00
1.331804466181754354e-01 1.730217469567626142e-03 1.570403445362843264e+01 1.164580721981583561e-04 0.000000000000000000e+00
1.351983321729962606e-01 1.703182821605631969e-03 1.847005940306749494e+01 1.071268616158032179e-04 0.000000000000000000e+00
1.372467917513749969e-01 1.676570590018044028e-03 1.908371091720206536e+01 1.142262527445899465e-04 0.000000000000000000e+00
1.393262885960928066e-01 1.650374174549011988e-03 1.996914638175483248e+01 9.987887535883851000e-05 0.000000000000000000e+00
1.414372929687608693e-01 1.650374174549011988e-03 2.001864607133126484e+01 9.966495059118641372e-05 0.000000000000000000e+00
1.392943036813553970e-01 1.650374174549011988e-03 1.873048605607006323e+01 1.021591856330459312e-04 0.000000000000000000e+00
1.413427493237282562e-01 1.624587078071683703e-03 2.263396792584221373e+01 1.181070515357657394e-04 0.000000000000000000e+00
1.393235671905321549e-01 1.599202904976813628e-03 2.213583500164202889e+01 9.524416073288569887e-05 0.000000000000000000e+00
1.373885176462192048e-01 1.624190450367076280e-03 2.346886345270063501e+01 8.429303388612417280e-05 0.000000000000000000e+00
2.000000000000000111e-01 1.479400746776566022e-01 3.001616812188418137e+01 1.482562352423833607e+00 0.000000000000000000e+00
1.000000000000000056e-01 1.109550560082424586e-01 1.241397701480444482e+01 2.720262234522248246e-01 0.000000000000000000e+00
2.000000000000000111e-01 8.321629200618184397e-02 2.769559999170691000e+01 4.915300207892863149e-01 0.000000000000000000e+00
1.000000000000000056e-01 6.241221900463637950e-02 1.198765734465729871e+01 8.314744062054750529e-02 0.000000000000000000e+00
1.250000000000000000e-01 4.680916425347728116e-02 1.857361770943881396e+01 7.436686570254720519e-02 0.000000000000000000e+00
1.458333333333333426e-01 3.510687319010796087e-02 1.803735114162298458e+01 5.611356218277273322e-02 0.000000000000000000e+00
1.701388888888889228e-01 2.633015489258096892e-02 2.487383922221609112e+01 3.861641379186608186e-02 0.000000000000000000e+00
1.417824074074074403e-01 1.974761616943572495e-02 2.014439420608592712e+01 1.525893794340626476e-02 0.000000000000000000e+00
1.240596064814815103e-01 1.481071212707679371e-02 1.739750674093330218e+01 8.023523298247462604e-03 0.000000000000000000e+00
1.395670572916666852e-01 1.110803409530759442e-02 2.084634984036201288e+01 5.040085492663388088e-03 0.000000000000000000e+00
1.256103515625000278e-01 8.331025571480694947e-03 1.782143063875731315e+01 2.311338216606698311e-03 0.000000000000000000e+00
1.360778808593750278e-01 6.248269178610521210e-03 1.899357046563003948e+01 1.361586348473994585e-03 0.000000000000000000e+00
1.457977294921875278e-01 4.686201883957890474e-03 2.053178379078964966e+01 1.081230813265254050e-03 0.000000000000000000e+00
1.353836059570312778e-01 3.514651412968417855e-03 2.088105221484122609e+01 4.443227663995379410e-04 0.000000000000000000e+00
1.269221305847168246e-01 2.635988559726313608e-03 1.938698051972313507e+01 2.495666322317794642e-04 0.000000000000000000e+00
1.348547637462616244e-01 1.976991419794735423e-03 1.827876351109726016e+01 1.422317768567108647e-04 0.000000000000000000e+00
1.423466950654983798e-01 1.482743564846051567e-03 2.138803927084195777e+01 8.816921188488195671e-05 0.000000000000000000e+00
1.344385453396373664e-01 1.976986477316185729e-03 1.777666529994388611e+01 1.327749252938824755e-04 0.000000000000000000e+00
1.411604726066192361e-01 9.884932386580928647e-04 1.816881482794856595e+01 3.443275726685166775e-05 0.000000000000000000e+00
1.475768577251019287e-01 1.235616548322616189e-03 2.033703596455332629e+01 6.579624021155274806e-05 0.000000000000000000e+00
1.408688187375972956e-01 1.441552639709719032e-03 2.030218281478392583e+01 8.732604414479110469e-05 0.000000000000000000e+00
1.349992846235307520e-01 1.681811412994672385e-03 2.005568678690994489e+01 1.142768924333315543e-04 0.000000000000000000e+00
1.293743144308836523e-01 1.401509510828893726e-03 1.905789477395957832e+01 6.741299863933496053e-05 0.000000000000000000e+00
1.347649108655038230e-01 1.576698199682505415e-03 1.976090693273602739e+01 9.725845285476288115e-05 0.000000000000000000e+00
1.399481766680231998e-01 1.734368019650756087e-03 1.739490780602602982e+01 1.308696184913247075e-04 0.000000000000000000e+00
1.453307988475625590e-01 1.560931217685680456e-03 2.162686225411767538e+01 1.029748981070447952e-04 0.000000000000000000e+00
1.397411527380409135e-01 1.430853616211873788e-03 2.089438088812190486e+01 9.124280553980543751e-05 0.000000000000000000e+00
1.347503972831108898e-01 1.550091417562863162e-03 1.768701930104466413e+01 9.874169182329645383e-05 0.000000000000000000e+00
1.395629114717934216e-01 1.550091417562863162e-03 1.708628815593198524e+01 8.934337436661175466e-05 0.000000000000000000e+00
1.442150085208532273e-01 1.660812233103067673e-03 2.053113447263599767e+01 1.093109875784575651e-04 0.000000000000000000e+00
1.394078415701581197e-01 1.542182787881420060e-03 2.024285075522750788e+01 8.236407498627859277e-05 0.000000000000000000e+00
1.350513465210906872e-01 1.638569212124008773e-03 2.028870717062329732e+01 9.820024859968654670e-05 0.000000000000000000e+00
1.308309919423066014e-01 1.638569212124008773e-03 1.980996699286273000e+01 9.510102856238426556e-05 0.000000000000000000e+00
1.349194604405036801e-01 1.729600835019787014e-03 2.057696156079730798e+01 1.023481706104468483e-04 0.000000000000000000e+00
1.309512410157829820e-01 1.633511899740909849e-03 1.649144029026392033e+01 8.485291612297638268e-05 0.000000000000000000e+00
1.345887754884436127e-01 1.715187494727955396e-03 1.595341265704756140e+01 1.119264898142338085e-04 0.000000000000000000e+00
1.381305853697184505e-01 1.637224426785775615e-03 1.890313440897012143e+01 1.075509277184682208e-04 0.000000000000000000e+00
1.417656007741847357e-01 1.569006742336368334e-03 1.946207219448407244e+01 1.080260275764495861e-04 0.000000000000000000e+00
1.454962744787685613e-01 1.503631461405686293e-03 2.139777442452867362e+01 9.162303731365642370e-05 0.000000000000000000e+00
1.416674251503799165e-01 1.566282772297590033e-03 1.872441734135190217e+01 9.874778695496697956e-05 0.000000000000000000e+00
1.452091107791393942e-01 1.566282772297590033e-03 1.923725501778251967e+01 9.425403515062590889e-05 0.000000000000000000e+00
1.486664705595950875e-01 1.626524417385958980e-03 2.161548743924277005e+01 1.177965841228518487e-04 0.000000000000000000e+00
1.451267926891285365e-01 1.563965785948037614e-03 2.165245030681135319e+01 1.088517647969953518e-04 0.000000000000000000e+00
1.418284564916483526e-01 1.508109865021322032e-03 1.972192516663155359e+01 9.578661375536599572e-05 0.000000000000000000e+00
1.450518305028221655e-01 1.561970931629226437e-03 2.075868563673184752e+01 1.024424343702451552e-04 0.000000000000000000e+00
1.418985298397173467e-01 1.509905233908252330e-03 2.014448273077226403e+01 9.105731088160650159e-05 0.000000000000000000e+00
1.389423104680565513e-01 1.557089772467885229e-03 2.062119984508778003e+01 9.034942744035387571e-05 0.000000000000000000e+00
1.360476789999720271e-01 1.602886530481646438e-03 1.848481079175164155e+01 9.350324598983648081e-05 0.000000000000000000e+00
1.388820056458047736e-01 1.650030251966400682e-03 1.867214835506442938e+01 1.132907169035656132e-04 0.000000000000000000e+00
1.416596457587208646e-01 1.601499950437977170e-03 2.092051210957657403e+01 1.002854942824161236e-04 0.000000000000000000e+00
1.388264528435464440e-01 1.601499950437977170e-03 1.871452197834989661e+01 1.054465425546582437e-04 0.000000000000000000e+00
1.414961923213069461e-01 1.557013840703588880e-03 2.044533541724365833e+01 1.079331115595829401e-04 0.000000000000000000e+00
1.388758924635049574e-01 1.513763456239600354e-03 1.962647928202144954e+01 9.425589743096032629e-05 0.000000000000000000e+00
1.413558191146389587e-01 1.555812441135144639e-03 2.061642178399587522e+01 9.436065333890454067e-05 0.000000000000000000e+00
1.389186498195589814e-01 1.596754873796595985e-03 1.988822933966527629e+01 1.106201606616414018e-04 0.000000000000000000e+00
1.412339606498849431e-01 1.554735008696685530e-03 1.924497520949093854e+01 9.273402812927749564e-05 0.000000000000000000e+00
1.435119277571411389e-01 1.593603383914102625e-03 2.020681667463390596e+01 1.028804752178606860e-04 0.000000000000000000e+00
1.411972192449292007e-01 1.555660446201862076e-03 2.115703307601917516e+01 1.020617079942205799e-04 0.000000000000000000e+00
1.389910126942271729e-01 1.520304526970001589e-03 2.003136251880076557e+01 8.875994494181757804e-05 0.000000000000000000e+00
1.368192781208798781e-01 1.554856902582956151e-03 1.933496828291631076e+01 1.045470917227127588e-04 0.000000000000000000e+00
1.389570793415186301e-01 1.521055665570283238e-03 1.715041865059444604e+01 8.623601980124379388e-05 0.000000000000000000e+00
1.410624896345719359e-01 1.552744325269664067e-03 2.150972254899433977e+01 9.722779407367815937e-05 0.000000000000000000e+00
1.389251791855632689e-01 1.583799211775057444e-03 1.878340257779888489e+01 9.272867998646233049e-05 0.000000000000000000e+00
1.409681965265274228e-01 1.615475196010558593e-03 1.846403794962362710e+01 1.013089255149627097e-04 0.000000000000000000e+00
1.429820279054778154e-01 1.615475196010558593e-03 1.925168602814676078e+01 1.107539769540894327e-04 0.000000000000000000e+00
1.450246283041274897e-01 1.583165692090347364e-03 2.112035999445083689e+01 1.137632014046134068e-04 0.000000000000000000e+00
1.429528478997828256e-01 1.552720198011686746e-03 2.111151301724803631e+01 9.014048594888429623e-05 0.000000000000000000e+00
1.409673916789525028e-01 1.582580201819603662e-03 2.330506957502740661e+01 1.077660848292698542e-04 0.000000000000000000e+00
1.390095112389670706e-01 1.553273161045166549e-03 1.849112762194414117e+01 8.900306256853868984e-05 0.000000000000000000e+00
1.409401988950638174e-01 1.581010181778115878e-03 1.881362667859778526e+01 9.130589565481739603e-05 0.000000000000000000e+00
1.428447961774295671e-01 1.608268978015669473e-03 2.161236036639770219e+01 1.231213563322643839e-04 0.000000000000000000e+00
1.409144610939507825e-01 1.580540202532640685e-03 2.097727958140637128e+01 8.706244290708534366e-05 0.000000000000000000e+00
1.390603234479777517e-01 1.606882539241517990e-03 1.992364695653485995e+01 1.000824710252871692e-04 0.000000000000000000e+00
1.408900645459774392e-01 1.606882539241517990e-03 1.899413761495345199e+01 1.101692695572266325e-04 0.000000000000000000e+00
1.426963474247720243e-01 1.580965078931170992e-03 2.218650144667890345e+01 1.113268067926898638e-04 0.000000000000000000e+00
1.408669070731723982e-01 1.556262499572871449e-03 1.926340614835289244e+01 9.536304439288479620e-05 0.000000000000000000e+00
1.426277434115870435e-01 1.580579101128697572e-03 1.779303657062629540e+01 1.124435971696163627e-04 0.000000000000000000e+00
1.443671061361185837e-01 1.556630932929777954e-03 2.216795777742968454e+01 9.029702996252183633e-05 0.000000000000000000e+00
1.426065316710439790e-01 1.579522564296392253e-03 2.145402707931592090e+01 1.007210441096285475e-04 0.000000000000000000e+00
1.409088348654363165e-01 1.579522564296392253e-03 1.776125662082167267e+01 1.084373005515547729e-04 0.000000000000000000e+00
1.425863209947867416e-01 1.556957956235015305e-03 2.141387289127785465e+01 1.012744342055034409e-04 0.000000000000000000e+00
1.409283405181031845e-01 1.556957956235015305e-03 1.916765481023605489e+01 9.204996966630569111e-05 0.000000000000000000e+00
1.425297989330816528e-01 1.578582372293834898e-03 1.905796636356583562e+01 1.077692724976512113e-04 0.000000000000000000e+00
1.441134633656714348e-01 1.557250178073647882e-03 1.859938570697350357e+01 1.105390165475293583e-04 0.000000000000000000e+00
1.457147240697344581e-01 1.536760044151626228e-03 2.102836386067180996e+01 9.228712523942484802e-05 0.000000000000000000e+00
1.440956715800707499e-01 1.556980571048358032e-03 1.734009682315823753e+01 1.074115207402716825e-04 0.000000000000000000e+00
1.456619288798541301e-01 1.537019281675943349e-03 2.146430951025023859e+01 1.041405451160560972e-04 0.000000000000000000e+00
1.441123338917705832e-01 1.517806540654994098e-03 2.011933995202887360e+01 1.026463781112485892e-04 0.000000000000000000e+00
1.426111637470646454e-01 1.498833958896806772e-03 2.003117462232851409e+01 8.896798909204583290e-05 0.000000000000000000e+00
1.411256307913660579e-01 1.517569383383016819e-03 2.010008785691431754e+01 8.477658189543204269e-05 0.000000000000000000e+00
1.396555721372893244e-01 1.536076327082809773e-03 1.914651788404606947e+01 9.152153118423533027e-05 0.000000000000000000e+00
1.411103176803860937e-01 1.554808965217966072e-03 2.162159924183377058e+01 9.434834922300477434e-05 0.000000000000000000e+00
1.396704164795658232e-01 1.573770050159648513e-03 1.941271184632707403e+01 8.973516877492861046e-05 0.000000000000000000e+00
1.410671206443614711e-01 1.592962367844522270e-03 2.260284577366513759e+01 8.535488815921029020e-05 0.000000000000000000e+00
1.396841096576520447e-01 1.612388738184089565e-03 2.065373280424259406e+01 1.015485298365874568e-04 0.000000000000000000e+00
1.383409932186361602e-01 1.612388738184089565e-03 1.902785848703886273e+01 1.076669175873472186e-04 0.000000000000000000e+00
1.396711950765076593e-01 1.592725460889161601e-03 1.920312800878321369e+01 1.021731988359791206e-04 0.000000000000000000e+00
1.409888478602483175e-01 1.573764443497624108e-03 2.049432138560949213e+01 9.945140948108229558e-05 0.000000000000000000e+00
1.396587643898686282e-01 1.573764443497624108e-03 1.857556549425828862e+01 9.342741748232087455e-05 0.000000000000000000e+00
1.409519010971822250e-01 1.592499734491643329e-03 2.079283112809877565e+01 1.158153593027593675e-04 0.000000000000000000e+00
1.396705201781169303e-01 1.573982295718484668e-03 1.919697815499447913e+01 9.181671388841253982e-05 0.000000000000000000e+00
1.409175783939929649e-01 1.591868458169831257e-03 2.078344670122362814e+01 1.102006009108960567e-04 0.000000000000000000e+00
1.396814592852737291e-01 1.574181030856833165e-03 1.847539931662416990e+01 8.872988355231030573e-05 0.000000000000000000e+00
1.408856097963536724e-01 1.591291694235711773e-03 1.990913291510238992e+01 1.070292959740153240e-04 0.000000000000000000e+00
1.420795556420854922e-01 1.574363059190651143e-03 2.097760920996689649e+01 9.839267408028135541e-05 0.000000000000000000e+00
1.408754916112203714e-01 1.574363059190651143e-03 2.176239881184368841e+01 1.003140556679340910e-04 0.000000000000000000e+00
1.397015291811268822e-01 1.574363059190651143e-03 1.925881528088985917e+01 9.401008222953348794e-05 0.000000000000000000e+00
1.408657085909696127e-01 1.590762674390553940e-03 1.796866555142771205e+01 1.029731277970368604e-04 0.000000000000000000e+00
1.420203455466332865e-01 1.574530402202895104e-03 2.107684083712240408e+01 8.238500404579652604e-05 0.000000000000000000e+00
1.408562443536280906e-01 1.590275706224923962e-03 2.217274823643732518e+01 9.667672870502428100e-05 0.000000000000000000e+00
1.397203068991633435e-01 1.605866644521246767e-03 2.285274452297501568e+01 1.041566831786818495e-04 0.000000000000000000e+00
1.385935302306217087e-01 1.590122853888685473e-03 2.150279778246541440e+01 1.059609877940600846e-04 0.000000000000000000e+00
1.374758404706973303e-01 1.574833211062832885e-03 1.860446267995521907e+01 8.818814875992031965e-05 0.000000000000000000e+00
1.385845166035255260e-01 1.589975838092283055e-03 2.293056843437555870e+01 1.035539883317341777e-04 0.000000000000000000e+00
1.374846394876245437e-01 1.574976066034808764e-03 2.222544096285696824e+01 9.620661033310322352e-05 0.000000000000000000e+00
1.364105407416274784e-01 1.589559177757353262e-03 1.909817400856640646e+01 1.010197321183514197e-04 0.000000000000000000e+00
1.374762480911714546e-01 1.589559177757353262e-03 1.958464057947239922e+01 1.026354387866482333e-04 0.000000000000000000e+00
1.385337576918727609e-01 1.575108639777740962e-03 1.990223098316538852e+01 8.802096618974268843e-05 0.000000000000000000e+00
1.395994019818102283e-01 1.589172109775756434e-03 1.990687326876752294e+01 1.004388641820118286e-04 0.000000000000000000e+00
1.406732435355164679e-01 1.589172109775756434e-03 1.766471336847899565e+01 1.012895773809982492e-04 0.000000000000000000e+00
1.417553454088665843e-01 1.589172109775756434e-03 1.983882755211958937e+01 1.206147483976401595e-04 0.000000000000000000e+00
1.428457711427809362e-01 1.575232003549653171e-03 2.011085966690742310e+01 9.119800720103575086e-05 0.000000000000000000e+00
1.417469575186056929e-01 1.588811589787150194e-03 1.988858624252626583e+01 1.016773013084080562e-04 0.000000000000000000e+00
1.428207981058678688e-01 1.588811589787150194e-03 2.012552545201331711e+01 9.480568560056684929e-05 0.000000000000000000e+00
1.417549712543315354e-01 1.602276094785346373e-03 1.819995897174251454e+01 1.084613238781000023e-04 0.000000000000000000e+00
1.427972872194369081e-01 1.588697483812589193e-03 2.028180869133554864e+01 1.044681494602147157e-04 0.000000000000000000e+00
1.417625242685714160e-01 1.575458338114150893e-03 2.211125158960495440e+01 9.696538077809666630e-05 0.000000000000000000e+00
1.407499348095102021e-01 1.588587157598435416e-03 1.798769136687162629e+01 1.072556004716414063e-04 0.000000000000000000e+00
1.417552914867209746e-01 1.575565951388612114e-03 2.072337458198790827e+01 9.821020399309716390e-05 0.000000000000000000e+00
1.407570147861102738e-01 1.575565951388612114e-03 2.059528090447473403e+01 9.718234737980906005e-05 0.000000000000000000e+00
1.397795355167622822e-01 1.588272128415939722e-03 2.051696029878349492e+01 1.042923794336499154e-04 0.000000000000000000e+00
1.388088442978958892e-01 1.575666794063432284e-03 1.674850017345527320e+01 1.065609491885807851e-04 0.000000000000000000e+00
1.397727946055201675e-01 1.563356897234811742e-03 2.052199607272522996e+01 1.118722672518406551e-04 0.000000000000000000e+00
1.388154466972631729e-01 1.551143171475164850e-03 1.667295680877369790e+01 9.598605406598911133e-05 0.000000000000000000e+00
1.397533889046771172e-01 1.563261477502314633e-03 2.161014012944097828e+01 1.072744009941953172e-04 0.000000000000000000e+00
1.388216996453126018e-01 1.551236389213835314e-03 2.044495940180015126e+01 9.820545048880419104e-05 0.000000000000000000e+00
1.379083989897513518e-01 1.551236389213835314e-03 1.925656025930221205e+01 9.766796738860652951e-05 0.000000000000000000e+00
1.388156910883681372e-01 1.562988180041212805e-03 1.936127192466465630e+01 1.014030075577762276e-04 0.000000000000000000e+00
1.397170916798510520e-01 1.562988180041212805e-03 2.343225634642578470e+01 8.149133887569791183e-05 0.000000000000000000e+00
1.388098378377740916e-01 1.574652270937042719e-03 1.981374817660569221e+01 9.594659186550454294e-05 0.000000000000000000e+00
1.396996444905803381e-01 1.586403407287319007e-03 2.111346374134942749e+01 9.728456411048202600e-05 0.000000000000000000e+00
1.388154695254500692e-01 1.598242238684985340e-03 2.233594701742341826e+01 9.801102995348959300e-05 0.000000000000000000e+00
1.379478728409160027e-01 1.610169419570693997e-03 1.885818408483051556e+01 1.028507245007782248e-04 0.000000000000000000e+00
1.388100470461717528e-01 1.598153229872405125e-03 2.063001180139377766e+01 1.027303681429634345e-04 0.000000000000000000e+00
1.379531949039114191e-01 1.586402103182166798e-03 1.816701911787636092e+01 9.735862532069343141e-05 0.000000000000000000e+00
1.387943729216181976e-01 1.598066824529094506e-03 2.129675382709071130e+01 9.981392277843749862e-05 0.000000000000000000e+00
1.379582622413674797e-01 1.598066824529094506e-03 2.120690562173361116e+01 1.013347909195393370e-04 0.000000000000000000e+00
1.371370821089784031e-01 1.598066824529094506e-03 1.962306425814727362e+01 9.004038914085954893e-05 0.000000000000000000e+00
1.379533742643889727e-01 1.609647018909740167e-03 1.779008984615809652e+01 1.069358088516560959e-04 0.000000000000000000e+00
1.387648647012383052e-01 1.597982910077060765e-03 1.918607659920966313e+01 9.269773575195118238e-05 0.000000000000000000e+00
1.395811286112455807e-01 1.609397073720468356e-03 1.904813664722735922e+01 9.430685081922848074e-05 0.000000000000000000e+00
1.404021940736646656e-01 1.620730855929767514e-03 2.139877224541957190e+01 8.554118843462559603e-05 0.000000000000000000e+00
1.395762988144078065e-01 1.632144453506737675e-03 1.793005430365116126e+01 1.131822918997592889e-04 0.000000000000000000e+00
1.403877889237938881e-01 1.620650478482042354e-03 1.981597321558455249e+01 1.010713855481872568e-04 0.000000000000000000e+00
1.411946152969191515e-01 1.620650478482042354e-03 1.899316432401421295e+01 1.049474910042406532e-04 0.000000000000000000e+00
1.420060786032232847e-01 1.609395961270361497e-03 2.064093626245984581e+01 1.011808639697844039e-04 0.000000000000000000e+00
1.411899517146990024e-01 1.609395961270361497e-03 2.297808546303680188e+01 1.048729021104451229e-04 0.000000000000000000e+00
1.403877360799563878e-01 1.598219600428206185e-03 2.265829926133310579e+01 1.098736213331988500e-04 0.000000000000000000e+00
1.395900784885930057e-01 1.587120853203010436e-03 1.833756100668384903e+01 9.259598665857303012e-05 0.000000000000000000e+00
1.403832039345509208e-01 1.598142525794698024e-03 2.210389281138063922e+01 1.120735782755677396e-04 0.000000000000000000e+00
1.395945342495253649e-01 1.587196344111172636e-03 2.199775052869878067e+01 9.749103391088571532e-05 0.000000000000000000e+00
1.388190090592502368e-01 1.597920643733545488e-03 2.122032549957042491e+01 1.066135397575933747e-04 0.000000000000000000e+00
1.380477923422543940e-01 1.587267839441988421e-03 1.937623515904573068e+01 9.822752465947984918e-05 0.000000000000000000e+00
1.388147245219335801e-01 1.587267839441988421e-03 1.999075521870335592e+01 9.460569556225177732e-05 0.000000000000000000e+00
1.395774427885376201e-01 1.597710391017264590e-03 2.070442836500852479e+01 1.044454615825152861e-04 0.000000000000000000e+00
1.388105337622269897e-01 1.587335648218451186e-03 2.247719676512133447e+01 9.197329070533203483e-05 0.000000000000000000e+00
1.380561286874322779e-01 1.597510876732672041e-03 1.847402799475874957e+01 1.011189286609539526e-04 0.000000000000000000e+00
1.388064337346465726e-01 1.597510876732672041e-03 1.820293216221342192e+01 1.077193177268775124e-04 0.000000000000000000e+00
1.395527048837575668e-01 1.587400048398920818e-03 2.302618752697558335e+01 1.029915408153172292e-04 0.000000000000000000e+00
1.388024215241674686e-01 1.577478798096427701e-03 1.834341369952627687e+01 1.024455708589353984e-04 0.000000000000000000e+00
1.395407322769555702e-01 1.567619555608325103e-03 1.520701275549093623e+01 1.030696500567110141e-04 0.000000000000000000e+00
1.402751571836763911e-01 1.557821933385773001e-03 1.769671858948758469e+01 9.503988142614199039e-05 0.000000000000000000e+00
1.410134474846431174e-01 1.567558320469434122e-03 1.964478330215448665e+01 8.918607225572598902e-05 0.000000000000000000e+00
1.417556235240359785e-01 1.577234606398257837e-03 1.981781691237388188e+01 9.689457235237220010e-05 0.000000000000000000e+00
1.425017057531098585e-01 1.586970622487136103e-03 1.915822009902807821e+01 1.040339669320174712e-04 0.000000000000000000e+00
1.432517147307578176e-01 1.577174507533511726e-03 2.017630050369697514e+01 1.026428471757845454e-04 0.000000000000000000e+00
1.424977583374380241e-01 1.567557589804648936e-03 2.332350068301416357e+01 1.108873602837441878e-04 0.000000000000000000e+00
1.417555825127638502e-01 1.557999311818035167e-03 2.130045574328970659e+01 9.976062169363279265e-05 0.000000000000000000e+00
1.410172721871765233e-01 1.557999311818035167e-03 1.900315274952390254e+01 1.066276398113563282e-04 0.000000000000000000e+00
1.417517371464847298e-01 1.548499316014266677e-03 2.139880593300578582e+01 8.885923089932183606e-05 0.000000000000000000e+00
1.410210580890286225e-01 1.557941385014353702e-03 1.937936555449671872e+01 1.081181884387856637e-04 0.000000000000000000e+00
1.417405532833603821e-01 1.548556195948002159e-03 1.909082578891839432e+01 9.846198300850438057e-05 0.000000000000000000e+00
1.424564146635793616e-01 1.548556195948002159e-03 2.010852876358400465e+01 1.113504712773123506e-04 0.000000000000000000e+00
1.417369378218441001e-01 1.539338599543549693e-03 2.288726224760100791e+01 9.172146451156325893e-05 0.000000000000000000e+00
1.410282531327348710e-01 1.548501329302737510e-03 2.006093625994183327e+01 8.801047693791730711e-05 0.000000000000000000e+00
1.403231118670711930e-01 1.557610160651577182e-03 1.894455853199056250e+01 1.059820254935124010e-04 0.000000000000000000e+00
1.410247274264065376e-01 1.548447747941861978e-03 1.932946798059126792e+01 8.342244563800318567e-05 0.000000000000000000e+00
1.417228696413887490e-01 1.557450351127570532e-03 1.814479660933228544e+01 1.095695229231672047e-04 0.000000000000000000e+00
1.424244680059500723e-01 1.548499487040630321e-03 1.966547038878800180e+01 9.855538123277606823e-05 0.000000000000000000e+00
1.431295396297418976e-01 1.548499487040630321e-03 1.891522415362114629e+01 8.954579801700787299e-05 0.000000000000000000e+00
1.438381017071168610e-01 1.557297779580633793e-03 1.928887738062961432e+01 9.705267000052514477e-05 0.000000000000000000e+00
1.445501715175481205e-01 1.566046643510861976e-03 2.079490638064478603e+01 9.827368766858967340e-05 0.000000000000000000e+00
1.438345766090454170e-01 1.566046643510861976e-03 2.112966102093518828e+01 1.015037471515690146e-04 0.000000000000000000e+00
1.431295051550795228e-01 1.566046643510861976e-03 2.215414359719157744e+01 1.023628757491629052e-04 0.000000000000000000e+00
1.424278899337310944e-01 1.557248628659677276e-03 2.048048273964665356e+01 1.104470446354021399e-04 0.000000000000000000e+00
1.417297140026833879e-01 1.548597247389345852e-03 1.906334116153464109e+01 9.054949266223573097e-05 0.000000000000000000e+00
1.424244675026965501e-01 1.557200565430397719e-03 2.083361353202112909e+01 9.265576803970334186e-05 0.000000000000000000e+00
1.417330865924892880e-01 1.565756612493202169e-03 2.073376970071272396e+01 9.638278558933335827e-05 0.000000000000000000e+00
1.410516775223330799e-01 1.574359670803604288e-03 1.931807660157302564e+01 9.670083539826772583e-05 0.000000000000000000e+00
1.417298105873442959e-01 1.583009998665162524e-03 1.860283702709822151e+01 1.137891536978921051e-04 0.000000000000000000e+00
1.424047144472840309e-01 1.574312141529639591e-03 1.977102784165602145e+01 9.974988805418433073e-05 0.000000000000000000e+00
1.430828321351282351e-01 1.574312141529639591e-03 2.026198253695773843e+01 1.188700250931320047e-04 0.000000000000000000e+00
1.424014853154371429e-01 1.565756097282195933e-03 2.131144495466917732e+01 1.021686583417997238e-04 0.000000000000000000e+00
1.417297801960246961e-01 1.557246553275227477e-03 1.882575456152039095e+01 1.129593712924077355e-04 0.000000000000000000e+00
1.423983168950625489e-01 1.548783256790036041e-03 2.036626973579892308e+01 8.463275740038555856e-05 0.000000000000000000e+00
1.417329041992912431e-01 1.557200557098677423e-03 2.092258738687838004e+01 1.059898814485718516e-04 0.000000000000000000e+00
1.410767333465167417e-01 1.548828511092770460e-03 2.048002256260618381e+01 9.757472931008470674e-05 0.000000000000000000e+00
1.404236003217643469e-01 1.557066960619859445e-03 2.139512595154307917e+01 9.909623765654791195e-05 0.000000000000000000e+00
1.397734910610154424e-01 1.557066960619859445e-03 2.212228355780863609e+01 1.003480650436545127e-04 0.000000000000000000e+00
1.391263915653625782e-01 1.557066960619859445e-03 2.328470519681687989e+01 9.854595958112819291e-05 0.000000000000000000e+00
1.384822879007081287e-01 1.557066960619859445e-03 1.862567488932189264e+01 7.654405293414157151e-05 0.000000000000000000e+00
1.391234096039521417e-01 1.565262049886279776e-03 1.792507179344903889e+01 1.031154378667907225e-04 0.000000000000000000e+00
1.397615903819519334e-01 1.557023828571088737e-03 1.788986012141997861e+01 1.050383765162946298e-04 0.000000000000000000e+00
1.404026985947131878e-01 1.548914329463947637e-03 1.852826332187487068e+01 1.076099990851085546e-04 0.000000000000000000e+00
1.410467476708357482e-01 1.540847067331322946e-03 2.102173050427273182e+01 9.529735478221583217e-05 0.000000000000000000e+00
1.403997442411530072e-01 1.548872312473673421e-03 2.152374586028846082e+01 8.761814639988098796e-05 0.000000000000000000e+00
1.397615635855113947e-01 1.556856190373022159e-03 2.144556545195280961e+01 9.571424518764132055e-05 0.000000000000000000e+00
1.391262837510318096e-01 1.564881222282161382e-03 1.941623898299003415e+01 9.391621131123126253e-05 0.000000000000000000e+00
1.397586759499001574e-01 1.572947620335162248e-03 1.917176509720284372e+01 9.640518820662644062e-05 0.000000000000000000e+00
1.403882195352600670e-01 1.581055597759570188e-03 2.065790262404004451e+01 1.010201947469126932e-04 0.000000000000000000e+00
1.397558401679841189e-01 1.581055597759570188e-03 2.230455571353565958e+01 9.039180976966615258e-05 0.000000000000000000e+00
1.391319301672341857e-01 1.589205368882042101e-03 1.917014707247880878e+01 1.024293929198863564e-04 0.000000000000000000e+00
1.397530548554807850e-01 1.581013588630072889e-03 1.796011407253202918e+01 1.024732581388504844e-04 0.000000000000000000e+00
1.403714312043988222e-01 1.572947192769715442e-03 2.371126965202762094e+01 1.057218244615293069e-04 0.000000000000000000e+00
1.397503186769457340e-01 1.564921951990278209e-03 2.113482273474732409e+01 9.261345256579774662e-05 0.000000000000000000e+00
1.391373786827486136e-01 1.572906247663697927e-03 1.868516861966020670e+01 1.002808462400940669e-04 0.000000000000000000e+00
1.397476303436378520e-01 1.572906247663697927e-03 1.886212352720432506e+01 1.038629325938346929e-04 0.000000000000000000e+00
1.403552287364362716e-01 1.564962276715901315e-03 2.072583688451793904e+01 9.227108757046175781e-05 0.000000000000000000e+00
1.397449886114952577e-01 1.572787088099480588e-03 2.169722019799028345e+01 8.800493905091686655e-05 0.000000000000000000e+00
1.391426395226526003e-01 1.580573162793042332e-03 2.043738525130710926e+01 8.892089805227742225e-05 0.000000000000000000e+00
1.385428867660894459e-01 1.588397782410829774e-03 1.763170101576489301e+01 9.647934288153759796e-05 0.000000000000000000e+00
1.391400543814605428e-01 1.596261137769299301e-03 1.805549839850743510e+01 1.080602038445470554e-04 0.000000000000000000e+00
1.397346699984753360e-01 1.588358854909055224e-03 2.201757917642770579e+01 1.028839041642045233e-04 0.000000000000000000e+00
1.391375132890801392e-01 1.580572782090873540e-03 1.817746362942538241e+01 9.366069222027241623e-05 0.000000000000000000e+00
1.397270790233559046e-01 1.588320687885436599e-03 1.947207502113539235e+01 9.785977810820479400e-05 0.000000000000000000e+00
1.403141675906809382e-01 1.596030982486822168e-03 1.977448384082027388e+01 9.448111474555422333e-05 0.000000000000000000e+00
1.409037229166922034e-01 1.603778705702777613e-03 2.096565505743516056e+01 1.058920006669335581e-04 0.000000000000000000e+00
1.403116904674624188e-01 1.595993372179948513e-03 2.011880790417385612e+01 1.056332188477128567e-04 0.000000000000000000e+00
1.397270584238479996e-01 1.588320327121391009e-03 1.924494892485035535e+01 9.137869585339436062e-05 0.000000000000000000e+00
1.403092545006140446e-01 1.595956482540243811e-03 2.131729476522909295e+01 1.043557033012234788e-04 0.000000000000000000e+00
1.397294641927602776e-01 1.588356689766242573e-03 2.141380433536409456e+01 1.163607036002366576e-04 0.000000000000000000e+00
1.391568024542653714e-01 1.580864441229609240e-03 1.717314510726655286e+01 1.004253031925318328e-04 0.000000000000000000e+00
1.397271172184221810e-01 1.580864441229609240e-03 2.158917094879280540e+01 1.040071409678407758e-04 0.000000000000000000e+00
1.391591208069651864e-01 1.573407533487959946e-03 2.207968076412596403e+01 9.363202129052256831e-05 0.000000000000000000e+00
1.385979953198403225e-01 1.580829267136488235e-03 1.620531048066445834e+01 1.043498403643295833e-04 0.000000000000000000e+00
1.391568582041945445e-01 1.573442214486317796e-03 1.977445783261999424e+01 9.457737770488895744e-05 0.000000000000000000e+00
1.397134856370113309e-01 1.580726669183013652e-03 1.880958682211698729e+01 9.197563727937790900e-05 0.000000000000000000e+00
1.402723395795593686e-01 1.587977708949908293e-03 1.980584374836563555e+01 1.038441128447382641e-04 0.000000000000000000e+00
1.408334289378776194e-01 1.580693407532707002e-03 2.308209563993946389e+01 9.623966098488528605e-05 0.000000000000000000e+00
2.000000000000000111e-01 1.479400746776566022e-01 2.947875842041551664e+01 1.324806763549747801e+00 0.000000000000000000e+00
1.000000000000000056e-01 1.109550560082424586e-01 1.257913196010661139e+01 2.512387890942854862e-01 0.000000000000000000e+00
2.000000000000000111e-01 8.321629200618184397e-02 2.737901604732757121e+01 4.557026216808367503e-01 0.000000000000000000e+00
1.000000000000000056e-01 6.241221900463637950e-02 1.211881086661402840e+01 9.052434348428425870e-02 0.000000000000000000e+00
1.250000000000000000e-01 4.680916425347728116e-02 1.367386785594251819e+01 7.261226580772280059e-02 0.000000000000000000e+00
1.458333333333333426e-01 3.510687319010796087e-02 2.125510384338561209e+01 5.082455186551790988e-02 0.000000000000000000e+00
1.215277777777777901e-01 2.633015489258096892e-02 1.524673125797163742e+01 2.488049904946808624e-02 0.000000000000000000e+00
1.367187500000000000e-01 1.974761616943572495e-02 1.877461240569648737e+01 1.443346616069394496e-02 0.000000000000000000e+00
1.503906250000000000e-01 1.481071212707679371e-02 2.149918081240599221e+01 1.030664569916825077e-02 0.000000000000000000e+00
1.353515624999999944e-01 1.110803409530759442e-02 1.869565692295627812e+01 4.572039665905797481e-03 0.000000000000000000e+00
1.466308593749999778e-01 8.331025571480694947e-03 2.228319014633405715e+01 2.854407032955307531e-03 0.000000000000000000e+00
1.361572265624999833e-01 6.248269178610521210e-03 2.080635221962424453e+01 1.637569071074878799e-03 0.000000000000000000e+00
1.276473999023437222e-01 4.686201883957890474e-03 1.722395605263426788e+01 7.470920239786239727e-04 0.000000000000000000e+00
1.356253623962402066e-01 3.514651412968417855e-03 1.822701016907998195e+01 4.462956344915304237e-04 0.000000000000000000e+00
1.431601047515868863e-01 2.635988559726313608e-03 2.016507110610653086e+01 2.968208123844310957e-04 0.000000000000000000e+00
1.352067655987209405e-01 1.976991419794735423e-03 2.078854831249329038e+01 1.462624808001745794e-04 0.000000000000000000e+00
1.284464273187848893e-01 2.635981969754914306e-03 1.887780351812505941e+01 2.503860853089029653e-04 0.000000000000000000e+00
1.348687486847241490e-01 1.317990984877457153e-03 1.985533702231232311e+01 6.339711329714404911e-05 0.000000000000000000e+00
1.409991463522116129e-01 1.647488731096821441e-03 1.836776776291402413e+01 1.114720766004773778e-04 0.000000000000000000e+00
1.474081984591303074e-01 1.922070186279625087e-03 2.018536562311936322e+01 1.627066467220982210e-04 0.000000000000000000e+00
1.407078258018971129e-01 1.601725155233020906e-03 1.923931482953649308e+01 1.038745685147832122e-04 0.000000000000000000e+00
1.465706518769761824e-01 1.801940799637148519e-03 2.169070095654291919e+01 1.456150603162367405e-04 0.000000000000000000e+00
1.409333191124771123e-01 1.982134879600863479e-03 2.178117151731033729e+01 1.516161914982727850e-04 0.000000000000000000e+00
1.358999862870315101e-01 1.982134879600863479e-03 1.908822981743910674e+01 1.545706783869387250e-04 0.000000000000000000e+00
1.407535572258540868e-01 1.783921391640777262e-03 2.029215786604304128e+01 1.387178945254455308e-04 0.000000000000000000e+00
1.360617719849922802e-01 1.932581507610841871e-03 1.853907124799045647e+01 1.473164701331717967e-04 0.000000000000000000e+00
1.403137023595232846e-01 2.070623043868759054e-03 2.107936411312899949e+01 1.579591442069289739e-04 0.000000000000000000e+00
1.361868287607137795e-01 1.922721397878133500e-03 1.679056664624481243e+01 1.320697164607678687e-04 0.000000000000000000e+00
1.399697962262891615e-01 2.042891485245516749e-03 1.874493405351891084e+01 1.681561834788608827e-04 0.000000000000000000e+00
1.436532119164546650e-01 1.929397513842987921e-03 2.157831858453261020e+01 1.576355171570122734e-04 0.000000000000000000e+00
1.398728642344427009e-01 1.832927638150838416e-03 1.950208680930566985e+01 1.354675183310367925e-04 0.000000000000000000e+00
1.433696858403037677e-01 1.924574020058380380e-03 1.743933622199780942e+01 1.809191149802319941e-04 0.000000000000000000e+00
1.467832497888824084e-01 1.837093382782999454e-03 2.118828998790839435e+01 1.521075983280419910e-04 0.000000000000000000e+00
1.432884105081947412e-01 1.760547825167041143e-03 1.926405619280969717e+01 1.354720407223880606e-04 0.000000000000000000e+00
1.465449652924718793e-01 1.833903984549001363e-03 1.879799521176058619e+01 1.426413538106050189e-04 0.000000000000000000e+00
1.497307254075256333e-01 1.904438753185501649e-03 2.127346772024665000e+01 1.507200008722098228e-04 0.000000000000000000e+00
1.464757096377968248e-01 1.904438753185501649e-03 2.186538201142243310e+01 1.539039683989940174e-04 0.000000000000000000e+00
1.434241323536760426e-01 1.831191108832213232e-03 1.960566766554644147e+01 1.442581361233018667e-04 0.000000000000000000e+00
1.464121351110442837e-01 1.896590791290506724e-03 2.230482959238539564e+01 1.517217909549092142e-04 0.000000000000000000e+00
1.434838924088233936e-01 1.896590791290506724e-03 1.937779844187469536e+01 1.723604976137831156e-04 0.000000000000000000e+00
1.462431980320699765e-01 1.833371098247489877e-03 2.287199943603772212e+01 1.370515115943969045e-04 0.000000000000000000e+00
1.435349906611057269e-01 1.890663945067723841e-03 1.982771535772379679e+01 1.650211687879445631e-04 0.000000000000000000e+00
1.460981154943397364e-01 1.835056181977496714e-03 1.966123514473092726e+01 1.462631619412025730e-04 0.000000000000000000e+00
1.486170485201042113e-01 1.886029964810204823e-03 2.564242160954448124e+01 1.712048851669372752e-04 0.000000000000000000e+00
1.460546856145851780e-01 1.836397597315199502e-03 1.840897761617839379e+01 1.524033650249047365e-04 0.000000000000000000e+00
1.484889303748282430e-01 1.790487657382319481e-03 2.286697542835994312e+01 1.371446568256153139e-04 0.000000000000000000e+00
1.460939476268471315e-01 1.835249848816877414e-03 2.142517075006718841e+01 1.493259776152138364e-04 0.000000000000000000e+00
1.438112296951776503e-01 1.835249848816877414e-03 1.848380309069973748e+01 1.297455650614759209e-04 0.000000000000000000e+00
1.460582801591648050e-01 1.878946273788707679e-03 2.136937111245639898e+01 1.541856908202942950e-04 0.000000000000000000e+00
1.438452759143289683e-01 1.834209457746119277e-03 2.106266454606018357e+01 1.391120812584510777e-04 0.000000000000000000e+00
1.417299042097064921e-01 1.875896036331258258e-03 2.083844420375136508e+01 1.302349517411304728e-04 0.000000000000000000e+00
1.396456409125049203e-01 1.916676384947155285e-03 1.910188052872691955e+01 1.389325295792553981e-04 0.000000000000000000e+00
1.416992532788652892e-01 1.958343262880789162e-03 2.052657314670893030e+01 1.556401570754990858e-04 0.000000000000000000e+00
1.396749782320243771e-01 1.915770583252945957e-03 2.193504393606325920e+01 1.383591674562667431e-04 0.000000000000000000e+00
1.377350479788018167e-01 1.955682470404048866e-03 1.862877919761091761e+01 1.363683138219562343e-04 0.000000000000000000e+00
1.396480347562851776e-01 1.994796119812129905e-03 2.023895235963189876e+01 1.613330104056984605e-04 0.000000000000000000e+00
1.377608991514705228e-01 1.954900197415887324e-03 1.908131104613928386e+01 1.500799890772397719e-04 0.000000000000000000e+00
1.395735425613582881e-01 1.954900197415887324e-03 2.174212869162617423e+01 1.422292982106005104e-04 0.000000000000000000e+00
1.377841381695460166e-01 1.992494431981577281e-03 2.003254085650809913e+01 1.479263161293229345e-04 0.000000000000000000e+00
1.360618364424266979e-01 2.029392477018273494e-03 1.901096329184573364e+01 1.571669446344537541e-04 0.000000000000000000e+00
1.377626093979570365e-01 1.991811134851268622e-03 1.803292843196784290e+01 1.395659364000035403e-04 0.000000000000000000e+00
1.394426412198833398e-01 2.027379190830755438e-03 2.189350761553834701e+01 1.620113035767000646e-04 0.000000000000000000e+00
1.377421212050067012e-01 1.992424377195742540e-03 1.969066412638336416e+01 1.372018128993585475e-04 0.000000000000000000e+00
1.393819083622091504e-01 2.025631450149004836e-03 2.115062223770434713e+01 1.585804549604764001e-04 0.000000000000000000e+00
1.377611884975322998e-01 1.992959975146601365e-03 1.945095940341077778e+01 1.649427408569208490e-04 0.000000000000000000e+00
1.393266565486406261e-01 1.961819975534935881e-03 2.018106869883267152e+01 1.523168017661138377e-04 0.000000000000000000e+00
1.377785825869890790e-01 1.931166538417202535e-03 1.643698989521574916e+01 1.496886070575996713e-04 0.000000000000000000e+00
1.392761758759780977e-01 1.931166538417202535e-03 1.879309737055802287e+01 1.351313481022709169e-04 0.000000000000000000e+00
1.407578373214672385e-01 1.961341015579971467e-03 2.058397607361034076e+01 1.722297761701718972e-04 0.000000000000000000e+00
1.392604135201750415e-01 1.931623727465123447e-03 1.885117605198888668e+01 1.719861213376980573e-04 0.000000000000000000e+00
1.407110428276768799e-01 1.903217496178871660e-03 1.962775484049312524e+01 1.357898562996608550e-04 0.000000000000000000e+00
1.421468697953062188e-01 1.931205988769737385e-03 1.927484191703039684e+01 1.636530406580024232e-04 0.000000000000000000e+00
1.435973480585236162e-01 1.903617331787312711e-03 2.061710682402442529e+01 1.454271846358493091e-04 0.000000000000000000e+00
1.421320689967019435e-01 1.930056461395469663e-03 2.489347803934622760e+01 1.388681951533898666e-04 0.000000000000000000e+00
1.407107483067349118e-01 1.956138305468381553e-03 2.061554480189075633e+01 1.617647272887379737e-04 0.000000000000000000e+00
1.393036408236675572e-01 1.929704004043133201e-03 2.377723834810619508e+01 1.485535814182615438e-04 0.000000000000000000e+00
1.379106044154308763e-01 1.929704004043133201e-03 1.870966446538435690e+01 1.489744897830300380e-04 0.000000000000000000e+00
1.392897104595851865e-01 1.929704004043133201e-03 2.255560858993803208e+01 1.445152587566647033e-04 0.000000000000000000e+00
1.379241250629225923e-01 1.955094846201595443e-03 2.101824316661591396e+01 1.467028349343600592e-04 0.000000000000000000e+00
1.365979315527021953e-01 1.980160164742641310e-03 1.624095295328138988e+01 1.387747329597128717e-04 0.000000000000000000e+00
1.379113732022474170e-01 2.005546833521392944e-03 1.880975739338228436e+01 1.649655887733372035e-04 0.000000000000000000e+00
1.392124238928346691e-01 1.979834694630093223e-03 1.871080984232501621e+01 1.568032484987190076e-04 0.000000000000000000e+00
1.405257486465406602e-01 1.955086760947217107e-03 2.275921739076666483e+01 1.461387344842329577e-04 0.000000000000000000e+00
1.392000340366676414e-01 1.979525345459057402e-03 2.126830282997560673e+01 1.573526320206334271e-04 0.000000000000000000e+00
1.379111448326244271e-01 1.955384792465654411e-03 1.869665441179810017e+01 1.446990860057759652e-04 0.000000000000000000e+00
1.391880998773709632e-01 1.978663182852150385e-03 1.942062267916969631e+01 1.565273516594461111e-04 0.000000000000000000e+00
1.404534462398925043e-01 1.955655471423636826e-03 1.883102500386415201e+01 1.611344260982002408e-04 0.000000000000000000e+00
1.417302957511642481e-01 1.933432113793822791e-03 2.161676993531551361e+01 1.461583697966096400e-04 0.000000000000000000e+00
1.404418385170627670e-01 1.955402933268752825e-03 1.962143816790704420e+01 1.483778380163232379e-04 0.000000000000000000e+00
1.416957835038222535e-01 1.955402933268752825e-03 2.047994390153575495e+01 1.575156419654846220e-04 0.000000000000000000e+00
1.404528380344904626e-01 1.933676234010211223e-03 1.711721550246632617e+01 1.371683815899727669e-04 0.000000000000000000e+00
1.416636383623740003e-01 1.954694453945104906e-03 1.782541755664691863e+01 1.773888076006404724e-04 0.000000000000000000e+00
1.428641776705296962e-01 1.933899832094625182e-03 2.094686841505272312e+01 1.557672117293635759e-04 0.000000000000000000e+00
1.416534643004404570e-01 1.913755042176972909e-03 1.898576900124507461e+01 1.458269328800725843e-04 0.000000000000000000e+00
1.428339098362774451e-01 1.933689990532983264e-03 2.077768628824596675e+01 1.546357457048726334e-04 0.000000000000000000e+00
1.416631400835210719e-01 1.913958460017340518e-03 1.959368314538135181e+01 1.605248636090872340e-04 0.000000000000000000e+00
1.428055847616139795e-01 1.894818875417167078e-03 2.040452124724347982e+01 1.604916245598263745e-04 0.000000000000000000e+00
1.416722071047757658e-01 1.875870686662995312e-03 1.869171523431201365e+01 1.382273346292701380e-04 0.000000000000000000e+00
1.427790212227818267e-01 1.894629393529625224e-03 1.922203909760473195e+01 1.962101190641560159e-04 0.000000000000000000e+00
1.438773213860339850e-01 1.876054595553844568e-03 1.986288396496107111e+01 1.534993015091910969e-04 0.000000000000000000e+00
1.449840700120803849e-01 1.858015609058134626e-03 1.998073685621076834e+01 1.455210836010046910e-04 0.000000000000000000e+00
1.460993320890963953e-01 1.875881143760616725e-03 1.733221631994928558e+01 1.643674086291598403e-04 0.000000000000000000e+00
1.472231731051663606e-01 1.858184151838346721e-03 2.002993123412914400e+01 1.570775577614893527e-04 0.000000000000000000e+00
1.460906871582035582e-01 1.840978743025028716e-03 2.044549739133884003e+01 1.308304387821329618e-04 0.000000000000000000e+00
1.449839395282171706e-01 1.858024842497482806e-03 1.930683476446537128e+01 1.826376087198531488e-04 0.000000000000000000e+00
1.460823027064612478e-01 1.841133707565687687e-03 2.110874482820621978e+01 1.227459960856697619e-04 0.000000000000000000e+00
1.449921362683533332e-01 1.857572401383238321e-03 1.883699792417975871e+01 1.577133809468467935e-04 0.000000000000000000e+00
1.460582549173853328e-01 1.841277906634262562e-03 1.937202111739650690e+01 1.622217766092508566e-04 0.000000000000000000e+00
1.471166480689606038e-01 1.825404821232243105e-03 2.036716817731208806e+01 1.329513000941381462e-04 0.000000000000000000e+00
1.460505854017942196e-01 1.841141069691141661e-03 2.016070117772744297e+01 1.460539831286014156e-04 0.000000000000000000e+00
1.450073669346385596e-01 1.856743960112253048e-03 1.984779473382901926e+01 1.494136831574422244e-04 0.000000000000000000e+00
1.460431338413145375e-01 1.856743960112253048e-03 2.054383631337405092e+01 1.576854157037339604e-04 0.000000000000000000e+00
1.450146610677841563e-01 1.841008841806217062e-03 2.216614641889190551e+01 1.463696709105459580e-04 0.000000000000000000e+00
1.440076148103690001e-01 1.856350582154602186e-03 1.933297379160483942e+01 1.377005258235595390e-04 0.000000000000000000e+00
1.450076676909965723e-01 1.871566570532918507e-03 2.245994536606487202e+01 1.453637126227496257e-04 0.000000000000000000e+00
1.440144644876335811e-01 1.886907280127450483e-03 2.078604741450174132e+01 1.606426867887637562e-04 0.000000000000000000e+00
1.430413937816360503e-01 1.871440827011651691e-03 2.024191971566617099e+01 1.546204243696742281e-04 0.000000000000000000e+00
1.420748978777060800e-01 1.856348562277686720e-03 2.107023770211377922e+01 1.287889440934079032e-04 0.000000000000000000e+00
1.411149323515053511e-01 1.871319115199280864e-03 1.945171804040897001e+01 1.344825448197857801e-04 0.000000000000000000e+00
1.420684116241506534e-01 1.886170854208798911e-03 1.893654769598969878e+01 1.319424878005968633e-04 0.000000000000000000e+00
1.430155343683116587e-01 1.901140464162837020e-03 2.209943863120594898e+01 1.455251259749558630e-04 0.000000000000000000e+00
1.420620974725229080e-01 1.916228880545081800e-03 1.997364652103630789e+01 1.340558212986825491e-04 0.000000000000000000e+00
1.429967165348421387e-01 1.931437046263693438e-03 1.737587351193725738e+01 1.594604775862297811e-04 0.000000000000000000e+00
1.439252666422112525e-01 1.916108180817156304e-03 1.939985919588574959e+01 1.625181517427833826e-04 0.000000000000000000e+00
1.448598462957321198e-01 1.901138585654522191e-03 2.337565079122033040e+01 1.248425608095134740e-04 0.000000000000000000e+00
1.439191979431624357e-01 1.915991230854948140e-03 2.097395478016508008e+01 1.440399551266624610e-04 0.000000000000000000e+00
1.429966389819883332e-01 1.930729624938447731e-03 2.027231409228850367e+01 1.799628410087326350e-04 0.000000000000000000e+00
1.420799938603089230e-01 1.915877858592767487e-03 2.276162282621154986e+01 1.477412036943010171e-04 0.000000000000000000e+00
1.411692246688966978e-01 1.930392084794227804e-03 2.032655926857511730e+01 1.504858604155963082e-04 0.000000000000000000e+00
1.402642937415319868e-01 1.930392084794227804e-03 1.900873228665104619e+01 1.672511980918235316e-04 0.000000000000000000e+00
1.411634238296187172e-01 1.915986173713673819e-03 1.839672900975409675e+01 1.644961237158235610e-04 0.000000000000000000e+00
1.420568632209454341e-01 1.901898040083426335e-03 2.003655061267831883e+01 1.544378911113891315e-04 0.000000000000000000e+00
1.411577691499267817e-01 1.887913495671048221e-03 1.996892936187477474e+01 1.542347016634494031e-04 0.000000000000000000e+00
1.420400052071138230e-01 1.874031778791114024e-03 2.065304434690958146e+01 1.548695040083543904e-04 0.000000000000000000e+00
1.411632150515143569e-01 1.860252133358826542e-03 2.295583349294020792e+01 1.422801633056330407e-04 0.000000000000000000e+00
1.403024637402246477e-01 1.873930457868817944e-03 2.121308090954748593e+01 1.341510827634313590e-04 0.000000000000000000e+00
1.394469609125403575e-01 1.887509664085258677e-03 2.075085787626299094e+01 1.596479280477338335e-04 0.000000000000000000e+00
1.385966745655126675e-01 1.873832057823771133e-03 2.030172250954424129e+01 1.419776354166310680e-04 0.000000000000000000e+00
1.377515728913327187e-01 1.887216572522512409e-03 2.007179563494285190e+01 1.439985170861058392e-04 0.000000000000000000e+00
1.369116242761416746e-01 1.900506830075487886e-03 2.049278016816881376e+01 1.302965773609897338e-04 0.000000000000000000e+00
1.360767972988481400e-01 1.913890680991512435e-03 1.908656794159317727e+01 1.195651844352472917e-04 0.000000000000000000e+00
1.369065338677435684e-01 1.927368784378776607e-03 1.903450396997303784e+01 1.487783119067825107e-04 0.000000000000000000e+00
1.377312720235733534e-01 1.927368784378776607e-03 2.216758118493798335e+01 1.376331728500020135e-04 0.000000000000000000e+00
1.369015655656000141e-01 1.940941803987077932e-03 1.821058542370028732e+01 1.472306908139051692e-04 0.000000000000000000e+00
1.377164558368238201e-01 1.954610408240508093e-03 1.949440438998941261e+01 1.366466070169722563e-04 0.000000000000000000e+00
1.385265526358639698e-01 1.968375270270370826e-03 2.007414519777144690e+01 1.383924779188690972e-04 0.000000000000000000e+00
1.377116905615353715e-01 1.982237067948330964e-03 2.052119117523635339e+01 1.293792932402325747e-04 0.000000000000000000e+00
1.369110411978055053e-01 1.996196483919797891e-03 1.992327605993741813e+01 1.488439659868160748e-04 0.000000000000000000e+00
1.377070356233741355e-01 1.996196483919797891e-03 2.248103377153228521e+01 1.707364781654470973e-04 0.000000000000000000e+00
1.369156158784122224e-01 1.982138762202052817e-03 2.090907777997135142e+01 1.373935297507499712e-04 0.000000000000000000e+00
1.361376862427394197e-01 1.995903614717344995e-03 1.740496219739079464e+01 1.337581910977081760e-04 0.000000000000000000e+00
1.369111958236640669e-01 2.009574187420888353e-03 2.112159098129065171e+01 1.397560843071460573e-04 0.000000000000000000e+00
1.361420318021828169e-01 2.023338394184045173e-03 2.007882191304739905e+01 1.500545913083969375e-04 0.000000000000000000e+00
1.353856871810595885e-01 2.023338394184045173e-03 1.981573731058875865e+01 1.473960934992218160e-04 0.000000000000000000e+00
1.361378298876210202e-01 2.037196876335990552e-03 1.981764825034094457e+01 1.480603132846639600e-04 0.000000000000000000e+00
1.368858399419486116e-01 2.051150279598565936e-03 1.959184734938307670e+01 1.566743614969690079e-04 0.000000000000000000e+00
1.376379599416296395e-01 2.037101305080767435e-03 1.818474616408518685e+01 1.759641927318463493e-04 0.000000000000000000e+00
1.383942124687814468e-01 2.023337107073464730e-03 1.541602863011609692e+01 1.573937042480697750e-04 0.000000000000000000e+00
1.391546202295989298e-01 2.009665910404049346e-03 1.955931992792226026e+01 1.606938533333365023e-04 0.000000000000000000e+00
1.399192060550362715e-01 1.996087086685102794e-03 2.217821553221127928e+01 1.601618706750685826e-04 0.000000000000000000e+00
1.391504192085800395e-01 1.982600011775068061e-03 1.824821602691443445e+01 1.822771700835127339e-04 0.000000000000000000e+00
1.399066714868875405e-01 1.969204065749560750e-03 2.442347625781456344e+01 1.572131779734119552e-04 0.000000000000000000e+00
1.391544850810440548e-01 1.955898632872874517e-03 1.836460728588291502e+01 1.502577740855784547e-04 0.000000000000000000e+00
1.398946685123261813e-01 1.955898632872874517e-03 1.952096488872403768e+01 1.556931072820087855e-04 0.000000000000000000e+00
1.406309562413384229e-01 1.942683101569679270e-03 1.979072864830394707e+01 1.692263335059626423e-04 0.000000000000000000e+00
1.413711191689244195e-01 1.929556864396911060e-03 2.183549956126504554e+01 1.581604613075432073e-04 0.000000000000000000e+00
1.406270606469827156e-01 1.916519318015850841e-03 2.098686133693827927e+01 1.609633364173024327e-04 0.000000000000000000e+00
1.398946280394463282e-01 1.903569863164392313e-03 1.876219235918349426e+01 1.246204543447731582e-04 0.000000000000000000e+00
1.406232458938184438e-01 1.916431821699286862e-03 2.416043342207871092e+01 1.459176746205148524e-04 0.000000000000000000e+00
1.398983838015822601e-01 1.929208033843948658e-03 1.914369689032213273e+01 1.441066210311431155e-04 0.000000000000000000e+00
1.406121510658760454e-01 1.942069420736241463e-03 1.938601192653867500e+01 1.521352355266200368e-04 0.000000000000000000e+00
2.000000000000000111e-01 1.456646325677564968e-01 1.688536525258711481e+04 1.658957077799684710e+00 0.000000000000000000e+00
2.000000000000000111e-01 1.385377942799131679e-01 3.032694454002301043e+01 8.178092930627903767e-01 0.000000000000000000e+00
2.000000000000000111e-01 1.407564713403973433e-01 2.890239024870095008e+01 1.429443138929784363e+00 0.000000000000000000e+00
2.000000000000000111e-01 1.364147170171193801e-01 2.826028912627816680e+01 1.310969358718825140e+00 0.000000000000000000e+00
2.000000000000000111e-01 1.479123365171863824e-01 2.356318144782491686e+01 1.559129935135719069e+00 0.000000000000000000e+00
2.000000000000000111e-01 1.377070356233741355e-01 1.761285277388077830e+01 2.243991720584834315e+00 0.000000000000000000e+00
2.000000000000000111e-01 1.459184945864901162e-01 2.946386567124482880e+01 1.778446904012732199e+00 0.000000000000000000e+00
2.000000000000000111e-01 1.459184945864901162e-01 2.910618715854893068e+01 1.294110938528750809e+00 0.000000000000000000e+00
2.000000000000000111e-01 1.344824934643527592e-01 2.819514572611404191e+01 1.340448982450465731e+00 0.000000000000000000e+00
2.000000000000000111e-01 1.428578879673559343e-01 2.968660964082981124e+01 1.423567808308130678e+00 0.000000000000000000e+00
2.000000000000000111e-01 1.344824934643527592e-01 2.404109003270545131e+01 1.392826612300678724e+00 0.000000000000000000e+00
2.000000000000000111e-01 1.428578879673559343e-01 2.658370215401741277e+01 1.501379461813367566e+00 0.000000000000000000e+00
1.000000000000000056e-01 1.071434159755169507e-01 1.212614062281660487e+01 2.620662102083616274e-01 0.000000000000000000e+00
2.000000000000000111e-01 8.035756198163770958e-02 2.830768495904707294e+01 5.972292518040682729e-01 0.000000000000000000e+00
2.000000000000000111e-01 1.377070356233741355e-01 3.157338817196540148e+01 9.877419147478206929e-01 0.000000000000000000e+00
2.000000000000000111e-01 1.387496038451919989e-01 2.928182678502673042e+01 1.462995347165274795e+00 0.000000000000000000e+00
1.000000000000000056e-01 1.040622028838940061e-01 1.294787249139135987e+01 2.168310026177450445e-01 0.000000000000000000e+00
2.000000000000000111e-01 7.804665216292050456e-02 2.058342099112424961e+01 4.194564741372687755e-01 0.000000000000000000e+00
2.000000000000000111e-01 1.406652366616550909e-01 2.857661799596303709e+01 1.413910012290429341e+00 0.000000000000000000e+00
2.000000000000000111e-01 1.635813875194466194e-01 2.675538718125199722e+01 1.744846104602387538e+00 0.000000000000000000e+00
2.000000000000000111e-01 1.402649586903529921e-01 2.950266824280330269e+01 1.261864998939638216e+00 0.000000000000000000e+00
2.000000000000000111e-01 1.486170485201042113e-01 2.981329479556395867e+01 1.609129543295371834e+00 0.000000000000000000e+00
2.000000000000000111e-01 1.428197587243780486e-01 2.563435089171794701e+01 1.637091509330494299e+00 0.000000000000000000e+00
2.000000000000000111e-01 1.428197587243780486e-01 2.972058138720169040e+01 1.307825936825966817e+00 0.000000000000000000e+00
2.000000000000000111e-01 2.000000000000000389e-01 2.495368159617783377e+01 2.716739068202319807e+00 0.000000000000000000e+00
2.000000000000000111e-01 2.000000000000000389e-01 2.954556191824593725e+01 2.563433686150569546e+00 0.000000000000000000e+00
2.000000000000000111e-01 2.000000000000000111e-01 2.806632495492454638e+01 3.018576686591747382e+00 0.000000000000000000e+00
2.000000000000000111e-01 2.000000000000000389e-01 7.112740671840593677e+03 2.906654413018515015e+00 0.000000000000000000e+00
1.000000000000000056e-01 1.500000000000000222e-01 1.393371581468289300e+01 4.762874850718398223e-01 0.000000000000000000e+00
2.000000000000000111e-01 1.125000000000000167e-01 2.266930601406119195e+01 9.447921253087556703e-01 0.000000000000000000e+00
2.000000000000000111e-01 1.351047390175406093e-01 3.075651591624868075e+01 1.216990837008764537e+00 0.000000000000000000e+00
1.000000000000000056e-01 1.013285542631554570e-01 1.342028988702854875e+01 2.206028905482999569e-01 0.000000000000000000e+00
2.000000000000000111e-01 1.186730158826554971e-01 2.979148591250382339e+01 9.835749893561949175e-01 0.000000000000000000e+00
1.000000000000000056e-01 8.900476191199162279e-02 1.236914297952953312e+01 1.813579073728817104e-01 0.000000000000000000e+00
2.000000000000000111e-01 6.675357143399371362e-02 3.042264867454427346e+01 2.744277227358652982e-01 0.000000000000000000e+00
1.000000000000000056e-01 5.006517857549528522e-02 1.126038392152021395e+01 7.153109420472017477e-02 0.000000000000000000e+00
2.000000000000000111e-01 1.388797227935240630e-01 2.864487702952088810e+01 1.394267094300889243e+00 0.000000000000000000e+00
2.000000000000000111e-01 1.460993320890963953e-01 2.954068620345782392e+01 1.384788099882387602e+00 0.000000000000000000e+00
1.000000000000000056e-01 1.095744990668222896e-01 1.075164600093769707e+01 2.651767697586201455e-01 0.000000000000000000e+00
2.000000000000000111e-01 8.218087430011672412e-02 2.912948526097414970e+01 5.060631452239382488e-01 0.000000000000000000e+00
2.000000000000000111e-01 1.198717332148035025e-01 2.593121727604545868e+01 1.057350084936320878e+00 0.000000000000000000e+00
1.000000000000000056e-01 8.990379991110263036e-02 1.324771091615786034e+01 1.604092384204160726e-01 0.000000000000000000e+00
2.000000000000000111e-01 1.304440130320002611e-01 3.009916192307267124e+01 1.297995496602158738e+00 0.000000000000000000e+00
2.000000000000000111e-01 1.280906200408935269e-01 2.822270185447501234e+01 1.136054355846944031e+00 0.000000000000000000e+00
1.000000000000000056e-01 9.606796503067013826e-02 1.410788332597717343e+01 1.879985973174395086e-01 0.000000000000000000e+00
2.000000000000000111e-01 7.205097377300259676e-02 2.824058661214975174e+01 3.773164882388082009e-01 0.000000000000000000e+00
2.000000000000000111e-01 1.280906200408935269e-01 2.864953994670601034e+01 1.170051909215878760e+00 0.000000000000000000e+00
2.000000000000000111e-01 1.280906200408935269e-01 2.665982229406759885e+01 1.078995815140607606e+00 0.000000000000000000e+00
2.000000000000000111e-01 1.280906200408935269e-01 2.887337125182940767e+01 1.126739085762688442e+00 0.000000000000000000e+00
2.000000000000000111e-01 1.351047390175406093e-01 2.574718480282311361e+01 9.552738289322627585e-01 0.000000000000000000e+00
2.000000000000000111e-01 1.186730158826554971e-01 2.737237988008127587e+01 9.360502994254809028e-01 0.000000000000000000e+00
1.000000000000000056e-01 8.900476191199162279e-02 1.329073594694667371e+01 1.640377092557920302e-01 0.000000000000000000e+00
2.000000000000000111e-01 6.675357143399371362e-02 2.796500850437417540e+01 3.049756784494989659e-01 0.000000000000000000e+00
1.000000000000000056e-01 5.006517857549528522e-02 1.534995280563202513e+01 5.914193985308661972e-02 0.000000000000000000e+00
2.000000000000000111e-01 1.358781646559308331e-01 2.746163909442359241e+01 1.219287384854088385e+00 0.000000000000000000e+00
2.000000000000000111e-01 1.436313779593575424e-01 2.790614038931885332e+01 1.375754787284515723e+00 0.000000000000000000e+00
1.000000000000000056e-01 1.077235334695181568e-01 1.270473331712159215e+01 2.660907526478781260e-01 0.000000000000000000e+00
2.000000000000000111e-01 1.198717332148035025e-01 2.999900221147464663e+01 9.096631852041123789e-01 0.000000000000000000e+00
2.000000000000000111e-01 1.326206145761452126e-01 2.699889643864337430e+01 1.364862682582227427e+00 0.000000000000000000e+00
1.000000000000000056e-01 9.946546093210890949e-02 1.239774021187801090e+01 1.912805457375764684e-01 0.000000000000000000e+00
2.000000000000000111e-01 1.280906200408935269e-01 2.873209186266202053e+01 9.179628096843198692e-01 0.000000000000000000e+00
2.000000000000000111e-01 1.280906200408935269e-01 3.237751661491812172e+01 1.101669876485683375e+00 0.000000000000000000e+00
2.000000000000000111e-01 1.280906200408935269e-01 2.673120018416688026e+01 1.354815814422919429e+00 0.000000000000000000e+00
1.000000000000000056e-01 9.606796503067013826e-02 9.639305580022753617e+00 2.342581859326609284e-01 0.000000000000000000e+00
2.000000000000000111e-01 1.280906200408935269e-01 2.960646632451958382e+01 1.171907020687489087e+00 0.000000000000000000e+00
1.000000000000000056e-01 9.606796503067013826e-02 1.795855341651007819e+01 1.710886446460591903e-01 0.000000000000000000e+00
2.000000000000000111e-01 1.364489522392766108e-01 2.660232335966355066e+01 1.335841462954693304e+00 0.000000000000000000e+00
1.000000000000000056e-01 1.023367141794574581e-01 1.183421434655084958e+01 2.519058464074628856e-01 0.000000000000000000e+00
2.000000000000000111e-01 1.509438574407270528e-01 2.960038852539286225e+01 1.465061742615441087e+00 0.000000000000000000e+00
2.000000000000000111e-01 1.379111448326244271e-01 3.015167518307466210e+01 1.046226430033591281e+00 0.000000000000000000e+00
2.000000000000000111e-01 1.389405847142682893e-01 2.957300330572874003e+01 1.161474782523814753e+00 0.000000000000000000e+00
1.000000000000000056e-01 1.042054385357012170e-01 1.301247703795986332e+01 2.377401893884248385e-01 0.000000000000000000e+00
2.000000000000000111e-01 7.815407890177591965e-02 3.157346188765617967e+01 3.148841503474277825e-01 0.000000000000000000e+00
1.000000000000000056e-01 5.861555917633193974e-02 1.363250242193938178e+01 7.406101649723459412e-02 0.000000000000000000e+00
1.250000000000000000e-01 4.396166938224895654e-02 1.900297906929514724e+01 5.037545444209196033e-02 0.000000000000000000e+00
2.000000000000000111e-01 1.198717332148035025e-01 2.717402904531565611e+01 1.094743040365901532e+00 0.000000000000000000e+00
1.000000000000000056e-01 8.990379991110263036e-02 1.471532639011131849e+01 2.435033045197407542e-01 0.000000000000000000e+00
2.000000000000000111e-01 1.326206145761452126e-01 2.584244061392109515e+01 1.021825214603530485e+00 0.000000000000000000e+00
2.000000000000000111e-01 1.280906200408935269e-01 2.989970077223089007e+01 9.316686417877765303e-01 0.000000000000000000e+00
2.000000000000000111e-01 1.284464273187848893e-01 2.889392009648182835e+01 1.158386441176253445e+00 0.000000000000000000e+00
1.000000000000000056e-01 9.633482048908867390e-02 1.144407723937963084e+01 1.896731705369408827e-01 0.000000000000000000e+00
2.000000000000000111e-01 7.225111536681649849e-02 2.796366981329058632e+01 3.716669689353011008e-01 0.000000000000000000e+00
2.000000000000000111e-01 1.284464273187848893e-01 2.696304973525366933e+01 1.047053288715394936e+00 0.000000000000000000e+00
2.000000000000000111e-01 1.282685236798392081e-01 1.822936220482668546e+01 1.198421582907547078e+00 0.000000000000000000e+00
2.000000000000000111e-01 1.391373786827486136e-01 2.842792065186992190e+01 1.420843525670877572e+00 0.000000000000000000e+00
2.000000000000000111e-01 1.476186817788778805e-01 2.678632011533957780e+01 1.666156858279712383e+00 0.000000000000000000e+00
2.000000000000000111e-01 1.389047643171033575e-01 3.007007946951582511e+01 1.432841619560361490e+00 0.000000000000000000e+00
1.000000000000000056e-01 1.041785732378275181e-01 1.246419956181942545e+01 2.486124706041154264e-01 0.000000000000000000e+00
2.000000000000000111e-01 7.813392992837063511e-02 3.256664061164563861e+01 3.009719079346190873e-01 0.000000000000000000e+00
2.000000000000000111e-01 1.402642937415319868e-01 3.135336170097970410e+01 8.608684045946329855e-01 0.000000000000000000e+00
2.000000000000000111e-01 1.198717332148035025e-01 2.771589583293933146e+01 1.057416106336175332e+00 0.000000000000000000e+00
1.000000000000000056e-01 8.990379991110263036e-02 1.459402952591394964e+01 1.839548700225683286e-01 0.000000000000000000e+00
2.000000000000000111e-01 6.742784993332696930e-02 2.788217311046870606e+01 4.140271660533198506e-01 0.000000000000000000e+00
2.000000000000000111e-01 1.427790212227818267e-01 2.677576930776050901e+01 1.820960885749532965e+00 0.000000000000000000e+00
1.000000000000000056e-01 1.070842659170863631e-01 1.405900037173267059e+01 2.480295977809801877e-01 0.000000000000000000e+00
2.000000000000000111e-01 8.031319943781477233e-02 2.468588816758232696e+01 4.638297035077071917e-01 0.000000000000000000e+00
2.000000000000000111e-01 1.276842789517508570e-01 2.499690511807106930e+01 1.058147161300289962e+00 0.000000000000000000e+00
2.000000000000000111e-01 1.276842789517508570e-01 2.736368869185969288e+01 9.193651028522858981e-01 0.000000000000000000e+00
2.000000000000000111e-01 1.276842789517508570e-01 2.836505626913795552e+01 1.172129540917396850e+00 0.000000000000000000e+00
2.000000000000000111e-01 1.276842789517508570e-01 2.740295278558989622e+01 1.180199777297583186e+00 0.000000000000000000e+00
1.000000000000000056e-01 9.576320921381314966e-02 1.158277187480653048e+01 1.922791176218842935e-01 0.000000000000000000e+00
2.000000000000000111e-01 7.182240691035986224e-02 2.822873164303456406e+01 4.023099484856736963e-01 0.000000000000000000e+00
1.000000000000000056e-01 5.386680518276990015e-02 1.364061056406048067e+01 6.875800276028594393e-02 0.000000000000000000e+00
1.250000000000000000e-01 4.040010388707742511e-02 1.375304962802987419e+01 6.086314056215248736e-02 0.000000000000000000e+00
2.000000000000000111e-01 1.456642363222074577e-01 2.767434705223533342e+01 1.343100157103657599e+00 0.000000000000000000e+00
2.000000000000000111e-01 1.404112203292942340e-01 3.027094530960209795e+01 1.404509738474729819e+00 0.000000000000000000e+00
1.000000000000000056e-01 1.053084152469706825e-01 9.841174056211476895e+00 3.045557329698834192e-01 0.000000000000000000e+00
2.000000000000000111e-01 1.423044599865263271e-01 2.930745278266749665e+01 1.553433106910779182e+00 0.000000000000000000e+00
1.000000000000000056e-01 1.067283449898947523e-01 1.175110711749981895e+01 2.321918237416840947e-01 0.000000000000000000e+00
2.000000000000000111e-01 8.004625874242106420e-02 2.919802658582933219e+01 3.461487710982094068e-01 0.000000000000000000e+00
2.000000000000000111e-01 1.427790212227818267e-01 2.306759566946214335e+01 1.897162514815020851e+00 0.000000000000000000e+00
2.000000000000000111e-01 1.276842789517508570e-01 2.719704703588810446e+01 1.087808433603270286e+00 0.000000000000000000e+00
2.000000000000000111e-01 1.276842789517508570e-01 2.915148473685306740e+01 8.433583588670565678e-01 0.000000000000000000e+00
2.000000000000000111e-01 1.276842789517508570e-01 3.182571890401033698e+01 9.254407220278633162e-01 0.000000000000000000e+00
