#  vortex distribution 
# Loop : 801
# analyzing state state_6_18_hcmultiple0
0  0  0
0  1  0
0  2  0
0  3  0
0  4  0
0  5  0
0  6  1
0  7  0
0  8  0
0  9  0
0  10  0
0  11  0
0  12  0
0  13  0
0  14  0
0  15  0
0  16  0
0  17  0
0  18  0
0  19  0
0  20  0
0  21  0
0  22  0
0  23  0
0  24  0
0  25  0
0  26  1
0  27  0
0  28  1
0  29  0
0  30  0
0  31  1
0  32  0
0  33  1
0  34  0
0  35  1
0  36  1
0  37  0
0  38  1
0  39  0
0  40  0
0  41  1
0  42  0
0  43  1
0  44  3
0  45  1
0  46  0
0  47  0
0  48  3
0  49  1
0  50  1
0  51  0
0  52  2
0  53  0
0  54  0
0  55  0
0  56  0
0  57  1
0  58  0
0  59  1
0  60  0
0  61  0
0  62  0
0  63  0
0  64  0
0  65  0
0  66  0
0  67  0
0  68  0
0  69  0
0  70  0
0  71  0
0  72  2
0  73  0
0  74  0
0  75  2
0  76  0
0  77  0
0  78  0
0  79  0
0  80  0
0  81  0
0  82  0
0  83  1
0  84  0
0  85  0
0  86  0
0  87  0
0  88  1
0  89  0
0  90  0
0  91  0
0  92  1
0  93  0
0  94  0
0  95  0
0  96  0
0  97  0
0  98  0
0  99  0
1  0  0
1  1  0
1  2  0
1  3  0
1  4  0
1  5  0
1  6  0
1  7  0
1  8  0
1  9  0
1  10  2
1  11  0
1  12  0
1  13  0
1  14  0
1  15  0
1  16  0
1  17  0
1  18  0
1  19  0
1  20  1
1  21  0
1  22  0
1  23  0
1  24  0
1  25  0
1  26  0
1  27  1
1  28  0
1  29  0
1  30  0
1  31  0
1  32  0
1  33  2
1  34  1
1  35  2
1  36  0
1  37  0
1  38  2
1  39  4
1  40  1
1  41  0
1  42  2
1  43  0
1  44  1
1  45  1
1  46  0
1  47  0
1  48  0
1  49  1
1  50  1
1  51  3
1  52  0
1  53  0
1  54  1
1  55  1
1  56  0
1  57  0
1  58  1
1  59  0
1  60  0
1  61  1
1  62  0
1  63  0
1  64  0
1  65  0
1  66  0
1  67  1
1  68  1
1  69  0
1  70  0
1  71  0
1  72  0
1  73  1
1  74  0
1  75  0
1  76  0
1  77  0
1  78  1
1  79  0
1  80  1
1  81  0
1  82  0
1  83  0
1  84  1
1  85  1
1  86  0
1  87  0
1  88  0
1  89  0
1  90  0
1  91  0
1  92  0
1  93  0
1  94  0
1  95  0
1  96  0
1  97  0
1  98  0
1  99  0
2  0  0
2  1  0
2  2  0
2  3  0
2  4  0
2  5  0
2  6  0
2  7  0
2  8  0
2  9  0
2  10  0
2  11  0
2  12  0
2  13  1
2  14  0
2  15  1
2  16  0
2  17  0
2  18  0
2  19  0
2  20  1
2  21  0
2  22  1
2  23  0
2  24  0
2  25  0
2  26  0
2  27  1
2  28  0
2  29  0
2  30  0
2  31  1
2  32  0
2  33  0
2  34  1
2  35  1
2  36  0
2  37  0
2  38  1
2  39  0
2  40  1
2  41  1
2  42  0
2  43  0
2  44  0
2  45  2
2  46  4
2  47  1
2  48  0
2  49  0
2  50  1
2  51  0
2  52  1
2  53  1
2  54  0
2  55  1
2  56  0
2  57  0
2  58  1
2  59  0
2  60  0
2  61  1
2  62  0
2  63  0
2  64  1
2  65  0
2  66  0
2  67  1
2  68  3
2  69  0
2  70  0
2  71  0
2  72  0
2  73  0
2  74  0
2  75  0
2  76  0
2  77  0
2  78  0
2  79  1
2  80  1
2  81  0
2  82  0
2  83  0
2  84  1
2  85  0
2  86  0
2  87  0
2  88  1
2  89  0
2  90  1
2  91  0
2  92  0
2  93  0
2  94  1
2  95  1
2  96  0
2  97  2
2  98  0
2  99  0
3  0  0
3  1  1
3  2  0
3  3  0
3  4  0
3  5  1
3  6  0
3  7  0
3  8  0
3  9  1
3  10  0
3  11  0
3  12  0
3  13  1
3  14  0
3  15  0
3  16  1
3  17  0
3  18  0
3  19  0
3  20  1
3  21  0
3  22  0
3  23  0
3  24  0
3  25  0
3  26  3
3  27  0
3  28  0
3  29  0
3  30  1
3  31  0
3  32  0
3  33  0
3  34  0
3  35  1
3  36  1
3  37  3
3  38  0
3  39  0
3  40  0
3  41  0
3  42  0
3  43  1
3  44  1
3  45  0
3  46  1
3  47  1
3  48  1
3  49  1
3  50  1
3  51  0
3  52  0
3  53  1
3  54  1
3  55  0
3  56  1
3  57  0
3  58  2
3  59  0
3  60  0
3  61  0
3  62  0
3  63  0
3  64  0
3  65  0
3  66  1
3  67  0
3  68  1
3  69  0
3  70  0
3  71  0
3  72  0
3  73  2
3  74  0
3  75  0
3  76  0
3  77  0
3  78  0
3  79  0
3  80  0
3  81  0
3  82  0
3  83  0
3  84  1
3  85  0
3  86  0
3  87  0
3  88  0
3  89  0
3  90  1
3  91  0
3  92  0
3  93  0
3  94  0
3  95  0
3  96  0
3  97  0
3  98  0
3  99  1
4  0  0
4  1  0
4  2  0
4  3  0
4  4  1
4  5  0
4  6  1
4  7  0
4  8  0
4  9  0
4  10  0
4  11  0
4  12  0
4  13  0
4  14  1
4  15  0
4  16  0
4  17  1
4  18  2
4  19  0
4  20  1
4  21  0
4  22  0
4  23  0
4  24  1
4  25  0
4  26  0
4  27  0
4  28  0
4  29  0
4  30  0
4  31  0
4  32  1
4  33  1
4  34  0
4  35  1
4  36  0
4  37  0
4  38  0
4  39  0
4  40  0
4  41  0
4  42  0
4  43  2
4  44  0
4  45  1
4  46  3
4  47  2
4  48  1
4  49  0
4  50  1
4  51  1
4  52  1
4  53  0
4  54  0
4  55  0
4  56  0
4  57  0
4  58  0
4  59  1
4  60  0
4  61  0
4  62  0
4  63  0
4  64  0
4  65  0
4  66  0
4  67  0
4  68  0
4  69  0
4  70  0
4  71  0
4  72  0
4  73  1
4  74  0
4  75  0
4  76  0
4  77  0
4  78  0
4  79  0
4  80  2
4  81  0
4  82  0
4  83  0
4  84  0
4  85  0
4  86  0
4  87  1
4  88  0
4  89  2
4  90  0
4  91  0
4  92  0
4  93  1
4  94  0
4  95  0
4  96  0
4  97  0
4  98  0
4  99  0
5  0  0
5  1  0
5  2  0
5  3  0
5  4  0
5  5  0
5  6  0
5  7  0
5  8  0
5  9  0
5  10  0
5  11  1
5  12  0
5  13  0
5  14  0
5  15  0
5  16  0
5  17  0
5  18  0
5  19  0
5  20  1
5  21  0
5  22  0
5  23  0
5  24  0
5  25  1
5  26  1
5  27  0
5  28  0
5  29  0
5  30  0
5  31  0
5  32  0
5  33  0
5  34  0
5  35  0
5  36  0
5  37  0
5  38  0
5  39  1
5  40  0
5  41  0
5  42  1
5  43  1
5  44  1
5  45  1
5  46  0
5  47  1
5  48  0
5  49  1
5  50  0
5  51  0
5  52  0
5  53  1
5  54  0
5  55  0
5  56  0
5  57  0
5  58  2
5  59  0
5  60  0
5  61  0
5  62  1
5  63  1
5  64  1
5  65  0
5  66  1
5  67  0
5  68  0
5  69  1
5  70  0
5  71  1
5  72  0
5  73  2
5  74  0
5  75  0
5  76  0
5  77  0
5  78  0
5  79  0
5  80  0
5  81  0
5  82  1
5  83  0
5  84  0
5  85  1
5  86  0
5  87  0
5  88  0
5  89  0
5  90  0
5  91  1
5  92  0
5  93  0
5  94  0
5  95  0
5  96  0
5  97  0
5  98  0
5  99  0
6  0  0
6  1  1
6  2  0
6  3  0
6  4  0
6  5  0
6  6  0
6  7  0
6  8  0
6  9  0
6  10  0
6  11  1
6  12  0
6  13  0
6  14  0
6  15  0
6  16  0
6  17  0
6  18  0
6  19  0
6  20  0
6  21  0
6  22  0
6  23  0
6  24  0
6  25  0
6  26  0
6  27  0
6  28  0
6  29  0
6  30  0
6  31  0
6  32  0
6  33  0
6  34  0
6  35  0
6  36  0
6  37  1
6  38  1
6  39  0
6  40  1
6  41  0
6  42  0
6  43  0
6  44  0
6  45  0
6  46  0
6  47  0
6  48  1
6  49  1
6  50  0
6  51  0
6  52  1
6  53  0
6  54  0
6  55  0
6  56  1
6  57  0
6  58  0
6  59  0
6  60  1
6  61  1
6  62  0
6  63  0
6  64  0
6  65  0
6  66  1
6  67  0
6  68  0
6  69  0
6  70  0
6  71  0
6  72  0
6  73  1
6  74  0
6  75  0
6  76  0
6  77  0
6  78  1
6  79  0
6  80  0
6  81  0
6  82  0
6  83  0
6  84  1
6  85  1
6  86  0
6  87  0
6  88  0
6  89  0
6  90  0
6  91  0
6  92  0
6  93  0
6  94  0
6  95  1
6  96  2
6  97  1
6  98  0
6  99  0
7  0  2
7  1  0
7  2  0
7  3  0
7  4  0
7  5  0
7  6  0
7  7  0
7  8  0
7  9  0
7  10  0
7  11  0
7  12  0
7  13  0
7  14  0
7  15  1
7  16  0
7  17  0
7  18  1
7  19  0
7  20  0
7  21  0
7  22  1
7  23  0
7  24  0
7  25  0
7  26  0
7  27  1
7  28  0
7  29  0
7  30  0
7  31  0
7  32  0
7  33  1
7  34  0
7  35  0
7  36  0
7  37  0
7  38  0
7  39  1
7  40  0
7  41  1
7  42  0
7  43  1
7  44  1
7  45  2
7  46  0
7  47  2
7  48  0
7  49  0
7  50  0
7  51  0
7  52  0
7  53  0
7  54  0
7  55  0
7  56  0
7  57  0
7  58  1
7  59  0
7  60  0
7  61  0
7  62  0
7  63  0
7  64  0
7  65  1
7  66  1
7  67  1
7  68  0
7  69  0
7  70  0
7  71  0
7  72  1
7  73  0
7  74  0
7  75  0
7  76  0
7  77  1
7  78  0
7  79  0
7  80  1
7  81  1
7  82  0
7  83  1
7  84  0
7  85  0
7  86  0
7  87  0
7  88  1
7  89  0
7  90  0
7  91  0
7  92  0
7  93  0
7  94  0
7  95  0
7  96  0
7  97  0
7  98  0
7  99  1
8  0  0
8  1  0
8  2  0
8  3  0
8  4  0
8  5  1
8  6  0
8  7  0
8  8  1
8  9  0
8  10  0
8  11  0
8  12  0
8  13  0
8  14  0
8  15  0
8  16  0
8  17  0
8  18  0
8  19  0
8  20  1
8  21  0
8  22  0
8  23  0
8  24  0
8  25  1
8  26  0
8  27  0
8  28  1
8  29  0
8  30  0
8  31  0
8  32  1
8  33  0
8  34  0
8  35  2
8  36  0
8  37  1
8  38  0
8  39  0
8  40  1
8  41  2
8  42  0
8  43  0
8  44  0
8  45  1
8  46  2
8  47  0
8  48  0
8  49  0
8  50  1
8  51  1
8  52  0
8  53  1
8  54  0
8  55  0
8  56  0
8  57  0
8  58  0
8  59  2
8  60  1
8  61  2
8  62  0
8  63  0
8  64  0
8  65  0
8  66  1
8  67  0
8  68  0
8  69  0
8  70  1
8  71  0
8  72  0
8  73  0
8  74  0
8  75  0
8  76  1
8  77  0
8  78  0
8  79  0
8  80  0
8  81  0
8  82  1
8  83  0
8  84  0
8  85  0
8  86  0
8  87  0
8  88  0
8  89  0
8  90  0
8  91  2
8  92  1
8  93  0
8  94  0
8  95  0
8  96  0
8  97  0
8  98  0
8  99  1
9  0  0
9  1  0
9  2  0
9  3  0
9  4  0
9  5  0
9  6  1
9  7  0
9  8  0
9  9  0
9  10  0
9  11  0
9  12  0
9  13  0
9  14  0
9  15  0
9  16  1
9  17  0
9  18  0
9  19  0
9  20  0
9  21  0
9  22  0
9  23  0
9  24  0
9  25  0
9  26  0
9  27  0
9  28  1
9  29  1
9  30  0
9  31  0
9  32  0
9  33  3
9  34  0
9  35  0
9  36  0
9  37  0
9  38  1
9  39  1
9  40  1
9  41  0
9  42  1
9  43  0
9  44  0
9  45  1
9  46  1
9  47  1
9  48  0
9  49  0
9  50  1
9  51  3
9  52  0
9  53  0
9  54  0
9  55  0
9  56  1
9  57  0
9  58  0
9  59  1
9  60  0
9  61  2
9  62  2
9  63  2
9  64  1
9  65  0
9  66  0
9  67  0
9  68  0
9  69  0
9  70  0
9  71  2
9  72  1
9  73  0
9  74  0
9  75  2
9  76  0
9  77  1
9  78  0
9  79  0
9  80  0
9  81  1
9  82  0
9  83  0
9  84  0
9  85  0
9  86  1
9  87  0
9  88  0
9  89  0
9  90  1
9  91  0
9  92  0
9  93  0
9  94  0
9  95  0
9  96  0
9  97  0
9  98  1
9  99  1
10  0  0
10  1  1
10  2  0
10  3  1
10  4  0
10  5  0
10  6  0
10  7  1
10  8  0
10  9  0
10  10  0
10  11  1
10  12  0
10  13  0
10  14  0
10  15  0
10  16  0
10  17  0
10  18  0
10  19  0
10  20  0
10  21  0
10  22  0
10  23  1
10  24  0
10  25  0
10  26  0
10  27  0
10  28  1
10  29  0
10  30  0
10  31  0
10  32  1
10  33  0
10  34  0
10  35  2
10  36  1
10  37  1
10  38  0
10  39  0
10  40  1
10  41  1
10  42  2
10  43  0
10  44  0
10  45  2
10  46  0
10  47  0
10  48  0
10  49  2
10  50  0
10  51  1
10  52  0
10  53  0
10  54  0
10  55  2
10  56  1
10  57  0
10  58  1
10  59  1
10  60  1
10  61  1
10  62  0
10  63  0
10  64  0
10  65  1
10  66  0
10  67  0
10  68  1
10  69  2
10  70  0
10  71  0
10  72  0
10  73  0
10  74  0
10  75  0
10  76  0
10  77  0
10  78  0
10  79  0
10  80  0
10  81  0
10  82  0
10  83  0
10  84  0
10  85  0
10  86  0
10  87  0
10  88  1
10  89  0
10  90  0
10  91  0
10  92  0
10  93  0
10  94  0
10  95  0
10  96  0
10  97  0
10  98  0
10  99  3
11  0  2
11  1  0
11  2  0
11  3  0
11  4  0
11  5  0
11  6  0
11  7  0
11  8  0
11  9  1
11  10  0
11  11  0
11  12  0
11  13  0
11  14  0
11  15  0
11  16  0
11  17  0
11  18  0
11  19  0
11  20  0
11  21  1
11  22  0
11  23  0
11  24  0
11  25  0
11  26  0
11  27  1
11  28  1
11  29  0
11  30  0
11  31  0
11  32  0
11  33  0
11  34  2
11  35  0
11  36  0
11  37  1
11  38  0
11  39  1
11  40  1
11  41  0
11  42  0
11  43  0
11  44  1
11  45  1
11  46  0
11  47  3
11  48  0
11  49  0
11  50  0
11  51  1
11  52  1
11  53  0
11  54  1
11  55  3
11  56  0
11  57  0
11  58  1
11  59  0
11  60  1
11  61  0
11  62  1
11  63  0
11  64  0
11  65  0
11  66  0
11  67  0
11  68  0
11  69  0
11  70  0
11  71  2
11  72  1
11  73  0
11  74  0
11  75  1
11  76  1
11  77  0
11  78  0
11  79  1
11  80  2
11  81  1
11  82  0
11  83  1
11  84  0
11  85  1
11  86  0
11  87  0
11  88  0
11  89  0
11  90  0
11  91  0
11  92  0
11  93  0
11  94  0
11  95  0
11  96  0
11  97  0
11  98  0
11  99  0
12  0  0
12  1  0
12  2  0
12  3  1
12  4  0
12  5  0
12  6  0
12  7  0
12  8  1
12  9  0
12  10  0
12  11  0
12  12  0
12  13  0
12  14  0
12  15  0
12  16  0
12  17  0
12  18  0
12  19  0
12  20  0
12  21  0
12  22  0
12  23  0
12  24  0
12  25  0
12  26  0
12  27  0
12  28  0
12  29  0
12  30  0
12  31  0
12  32  0
12  33  0
12  34  0
12  35  1
12  36  0
12  37  0
12  38  0
12  39  0
12  40  0
12  41  1
12  42  1
12  43  1
12  44  0
12  45  0
12  46  0
12  47  0
12  48  0
12  49  1
12  50  0
12  51  1
12  52  0
12  53  1
12  54  0
12  55  0
12  56  1
12  57  1
12  58  0
12  59  2
12  60  0
12  61  1
12  62  0
12  63  0
12  64  0
12  65  1
12  66  0
12  67  1
12  68  0
12  69  3
12  70  0
12  71  0
12  72  0
12  73  0
12  74  0
12  75  2
12  76  0
12  77  0
12  78  0
12  79  0
12  80  0
12  81  0
12  82  1
12  83  1
12  84  0
12  85  1
12  86  1
12  87  0
12  88  0
12  89  0
12  90  0
12  91  0
12  92  0
12  93  0
12  94  0
12  95  0
12  96  0
12  97  0
12  98  0
12  99  0
13  0  0
13  1  0
13  2  0
13  3  0
13  4  0
13  5  0
13  6  1
13  7  0
13  8  0
13  9  0
13  10  0
13  11  0
13  12  2
13  13  0
13  14  0
13  15  0
13  16  1
13  17  0
13  18  0
13  19  0
13  20  0
13  21  0
13  22  0
13  23  0
13  24  1
13  25  1
13  26  0
13  27  0
13  28  1
13  29  0
13  30  0
13  31  0
13  32  0
13  33  1
13  34  0
13  35  1
13  36  0
13  37  0
13  38  1
13  39  0
13  40  0
13  41  1
13  42  1
13  43  0
13  44  1
13  45  0
13  46  1
13  47  0
13  48  0
13  49  2
13  50  0
13  51  0
13  52  2
13  53  1
13  54  0
13  55  0
13  56  0
13  57  1
13  58  1
13  59  0
13  60  1
13  61  2
13  62  0
13  63  0
13  64  0
13  65  0
13  66  0
13  67  0
13  68  0
13  69  1
13  70  2
13  71  1
13  72  1
13  73  0
13  74  0
13  75  0
13  76  0
13  77  0
13  78  0
13  79  0
13  80  0
13  81  0
13  82  0
13  83  0
13  84  0
13  85  0
13  86  1
13  87  0
13  88  0
13  89  1
13  90  0
13  91  0
13  92  0
13  93  0
13  94  0
13  95  0
13  96  0
13  97  0
13  98  1
13  99  0
14  0  0
14  1  0
14  2  0
14  3  0
14  4  0
14  5  0
14  6  0
14  7  0
14  8  0
14  9  0
14  10  0
14  11  1
14  12  0
14  13  0
14  14  0
14  15  0
14  16  0
14  17  0
14  18  0
14  19  0
14  20  0
14  21  0
14  22  0
14  23  0
14  24  1
14  25  0
14  26  0
14  27  0
14  28  1
14  29  1
14  30  0
14  31  1
14  32  0
14  33  2
14  34  0
14  35  1
14  36  1
14  37  0
14  38  1
14  39  1
14  40  1
14  41  1
14  42  1
14  43  1
14  44  0
14  45  0
14  46  0
14  47  1
14  48  1
14  49  0
14  50  1
14  51  0
14  52  0
14  53  0
14  54  1
14  55  2
14  56  0
14  57  0
14  58  1
14  59  0
14  60  0
14  61  0
14  62  0
14  63  1
14  64  2
14  65  0
14  66  0
14  67  1
14  68  0
14  69  1
14  70  2
14  71  0
14  72  0
14  73  0
14  74  0
14  75  1
14  76  0
14  77  0
14  78  1
14  79  0
14  80  0
14  81  0
14  82  1
14  83  0
14  84  0
14  85  0
14  86  1
14  87  0
14  88  0
14  89  0
14  90  3
14  91  0
14  92  0
14  93  0
14  94  0
14  95  0
14  96  0
14  97  0
14  98  0
14  99  0
15  0  0
15  1  0
15  2  0
15  3  0
15  4  0
15  5  0
15  6  0
15  7  0
15  8  0
15  9  0
15  10  0
15  11  1
15  12  0
15  13  2
15  14  0
15  15  0
15  16  0
15  17  0
15  18  1
15  19  0
15  20  1
15  21  0
15  22  0
15  23  0
15  24  0
15  25  0
15  26  0
15  27  0
15  28  0
15  29  1
15  30  0
15  31  1
15  32  0
15  33  1
15  34  0
15  35  0
15  36  1
15  37  1
15  38  0
15  39  0
15  40  1
15  41  1
15  42  1
15  43  0
15  44  0
15  45  0
15  46  1
15  47  3
15  48  1
15  49  0
15  50  1
15  51  0
15  52  0
15  53  0
15  54  0
15  55  2
15  56  0
15  57  0
15  58  0
15  59  1
15  60  1
15  61  0
15  62  0
15  63  1
15  64  0
15  65  0
15  66  1
15  67  0
15  68  2
15  69  0
15  70  0
15  71  0
15  72  0
15  73  0
15  74  0
15  75  0
15  76  0
15  77  0
15  78  0
15  79  0
15  80  1
15  81  0
15  82  0
15  83  0
15  84  0
15  85  0
15  86  0
15  87  0
15  88  0
15  89  0
15  90  1
15  91  1
15  92  0
15  93  0
15  94  0
15  95  0
15  96  0
15  97  0
15  98  0
15  99  1
16  0  0
16  1  0
16  2  0
16  3  0
16  4  0
16  5  0
16  6  0
16  7  0
16  8  0
16  9  0
16  10  0
16  11  0
16  12  0
16  13  0
16  14  0
16  15  0
16  16  0
16  17  0
16  18  0
16  19  0
16  20  1
16  21  0
16  22  0
16  23  0
16  24  1
16  25  0
16  26  1
16  27  0
16  28  0
16  29  0
16  30  0
16  31  2
16  32  1
16  33  1
16  34  3
16  35  0
16  36  0
16  37  0
16  38  0
16  39  0
16  40  1
16  41  0
16  42  0
16  43  0
16  44  3
16  45  1
16  46  0
16  47  0
16  48  0
16  49  0
16  50  0
16  51  0
16  52  0
16  53  0
16  54  1
16  55  0
16  56  0
16  57  0
16  58  1
16  59  1
16  60  0
16  61  0
16  62  1
16  63  1
16  64  0
16  65  0
16  66  1
16  67  3
16  68  0
16  69  0
16  70  0
16  71  1
16  72  0
16  73  1
16  74  0
16  75  1
16  76  0
16  77  0
16  78  0
16  79  0
16  80  0
16  81  1
16  82  1
16  83  0
16  84  0
16  85  1
16  86  0
16  87  0
16  88  0
16  89  0
16  90  0
16  91  0
16  92  0
16  93  0
16  94  0
16  95  0
16  96  1
16  97  1
16  98  0
16  99  0
17  0  0
17  1  0
17  2  2
17  3  0
17  4  0
17  5  0
17  6  1
17  7  1
17  8  0
17  9  0
17  10  0
17  11  0
17  12  0
17  13  0
17  14  0
17  15  0
17  16  0
17  17  0
17  18  0
17  19  0
17  20  0
17  21  0
17  22  1
17  23  1
17  24  0
17  25  0
17  26  0
17  27  0
17  28  0
17  29  0
17  30  3
17  31  1
17  32  1
17  33  1
17  34  0
17  35  1
17  36  1
17  37  0
17  38  1
17  39  0
17  40  0
17  41  2
17  42  1
17  43  0
17  44  0
17  45  1
17  46  2
17  47  1
17  48  1
17  49  2
17  50  2
17  51  0
17  52  1
17  53  0
17  54  0
17  55  3
17  56  0
17  57  1
17  58  1
17  59  1
17  60  0
17  61  0
17  62  0
17  63  0
17  64  1
17  65  1
17  66  0
17  67  0
17  68  0
17  69  3
17  70  0
17  71  1
17  72  1
17  73  0
17  74  0
17  75  0
17  76  0
17  77  1
17  78  0
17  79  0
17  80  0
17  81  0
17  82  0
17  83  0
17  84  0
17  85  0
17  86  0
17  87  0
17  88  0
17  89  0
17  90  0
17  91  0
17  92  0
17  93  0
17  94  0
17  95  0
17  96  1
17  97  0
17  98  0
17  99  1
18  0  0
18  1  0
18  2  0
18  3  1
18  4  0
18  5  0
18  6  0
18  7  0
18  8  0
18  9  0
18  10  0
18  11  0
18  12  0
18  13  0
18  14  0
18  15  0
18  16  0
18  17  0
18  18  0
18  19  0
18  20  1
18  21  0
18  22  0
18  23  0
18  24  0
18  25  0
18  26  1
18  27  2
18  28  0
18  29  0
18  30  0
18  31  1
18  32  2
18  33  1
18  34  1
18  35  4
18  36  2
18  37  0
18  38  1
18  39  0
18  40  0
18  41  0
18  42  0
18  43  0
18  44  1
18  45  1
18  46  1
18  47  1
18  48  0
18  49  2
18  50  0
18  51  2
18  52  0
18  53  2
18  54  0
18  55  0
18  56  0
18  57  0
18  58  0
18  59  0
18  60  0
18  61  1
18  62  2
18  63  0
18  64  0
18  65  0
18  66  0
18  67  0
18  68  1
18  69  0
18  70  0
18  71  0
18  72  0
18  73  0
18  74  1
18  75  1
18  76  0
18  77  0
18  78  1
18  79  2
18  80  1
18  81  1
18  82  0
18  83  2
18  84  0
18  85  0
18  86  0
18  87  1
18  88  0
18  89  0
18  90  0
18  91  0
18  92  0
18  93  0
18  94  0
18  95  0
18  96  1
18  97  0
18  98  0
18  99  0
19  0  0
19  1  0
19  2  0
19  3  0
19  4  0
19  5  0
19  6  0
19  7  0
19  8  1
19  9  0
19  10  0
19  11  0
19  12  0
19  13  0
19  14  0
19  15  0
19  16  0
19  17  0
19  18  0
19  19  1
19  20  0
19  21  1
19  22  0
19  23  0
19  24  0
19  25  1
19  26  0
19  27  0
19  28  0
19  29  0
19  30  0
19  31  2
19  32  0
19  33  1
19  34  2
19  35  2
19  36  2
19  37  1
19  38  0
19  39  1
19  40  1
19  41  0
19  42  2
19  43  1
19  44  2
19  45  0
19  46  1
19  47  0
19  48  0
19  49  1
19  50  2
19  51  2
19  52  1
19  53  0
19  54  0
19  55  0
19  56  1
19  57  0
19  58  0
19  59  0
19  60  0
19  61  1
19  62  0
19  63  0
19  64  0
19  65  0
19  66  1
19  67  0
19  68  0
19  69  0
19  70  1
19  71  0
19  72  0
19  73  0
19  74  1
19  75  0
19  76  0
19  77  0
19  78  1
19  79  1
19  80  0
19  81  0
19  82  0
19  83  1
19  84  0
19  85  0
19  86  0
19  87  0
19  88  0
19  89  0
19  90  1
19  91  0
19  92  0
19  93  1
19  94  1
19  95  0
19  96  0
19  97  0
19  98  0
19  99  0
20  0  0
20  1  0
20  2  0
20  3  0
20  4  0
20  5  0
20  6  0
20  7  0
20  8  0
20  9  0
20  10  0
20  11  0
20  12  0
20  13  0
20  14  0
20  15  0
20  16  0
20  17  0
20  18  0
20  19  0
20  20  0
20  21  0
20  22  0
20  23  0
20  24  0
20  25  0
20  26  0
20  27  1
20  28  1
20  29  0
20  30  1
20  31  2
20  32  0
20  33  3
20  34  0
20  35  0
20  36  2
20  37  0
20  38  1
20  39  3
20  40  6
20  41  0
20  42  1
20  43  2
20  44  2
20  45  3
20  46  3
20  47  1
20  48  0
20  49  1
20  50  0
20  51  0
20  52  0
20  53  0
20  54  0
20  55  0
20  56  0
20  57  0
20  58  1
20  59  0
20  60  0
20  61  0
20  62  0
20  63  0
20  64  0
20  65  0
20  66  1
20  67  0
20  68  0
20  69  1
20  70  0
20  71  1
20  72  1
20  73  0
20  74  1
20  75  1
20  76  2
20  77  0
20  78  0
20  79  3
20  80  2
20  81  1
20  82  1
20  83  2
20  84  3
20  85  1
20  86  0
20  87  0
20  88  0
20  89  1
20  90  0
20  91  0
20  92  0
20  93  0
20  94  0
20  95  0
20  96  0
20  97  0
20  98  0
20  99  0
21  0  0
21  1  1
21  2  0
21  3  0
21  4  0
21  5  0
21  6  0
21  7  0
21  8  1
21  9  0
21  10  0
21  11  0
21  12  0
21  13  0
21  14  0
21  15  0
21  16  0
21  17  0
21  18  0
21  19  0
21  20  0
21  21  0
21  22  0
21  23  0
21  24  0
21  25  0
21  26  1
21  27  1
21  28  0
21  29  0
21  30  0
21  31  2
21  32  2
21  33  0
21  34  2
21  35  4
21  36  1
21  37  1
21  38  0
21  39  1
21  40  2
21  41  2
21  42  1
21  43  3
21  44  4
21  45  2
21  46  0
21  47  1
21  48  2
21  49  1
21  50  2
21  51  2
21  52  0
21  53  1
21  54  0
21  55  0
21  56  1
21  57  1
21  58  0
21  59  1
21  60  0
21  61  0
21  62  1
21  63  1
21  64  2
21  65  0
21  66  2
21  67  0
21  68  0
21  69  2
21  70  0
21  71  1
21  72  0
21  73  0
21  74  1
21  75  0
21  76  0
21  77  0
21  78  0
21  79  1
21  80  0
21  81  1
21  82  1
21  83  3
21  84  3
21  85  5
21  86  2
21  87  2
21  88  0
21  89  0
21  90  3
21  91  0
21  92  1
21  93  0
21  94  0
21  95  0
21  96  0
21  97  0
21  98  0
21  99  0
22  0  1
22  1  0
22  2  0
22  3  0
22  4  0
22  5  0
22  6  0
22  7  0
22  8  0
22  9  1
22  10  0
22  11  0
22  12  0
22  13  0
22  14  0
22  15  0
22  16  1
22  17  0
22  18  0
22  19  0
22  20  0
22  21  0
22  22  0
22  23  2
22  24  0
22  25  2
22  26  0
22  27  0
22  28  1
22  29  2
22  30  1
22  31  2
22  32  3
22  33  2
22  34  3
22  35  1
22  36  3
22  37  2
22  38  0
22  39  1
22  40  4
22  41  0
22  42  4
22  43  2
22  44  3
22  45  4
22  46  3
22  47  1
22  48  5
22  49  2
22  50  2
22  51  1
22  52  2
22  53  0
22  54  0
22  55  1
22  56  0
22  57  0
22  58  1
22  59  0
22  60  0
22  61  0
22  62  0
22  63  0
22  64  0
22  65  0
22  66  0
22  67  3
22  68  1
22  69  0
22  70  1
22  71  1
22  72  3
22  73  0
22  74  1
22  75  0
22  76  0
22  77  1
22  78  3
22  79  0
22  80  2
22  81  2
22  82  2
22  83  3
22  84  4
22  85  5
22  86  1
22  87  0
22  88  2
22  89  2
22  90  0
22  91  0
22  92  0
22  93  0
22  94  1
22  95  0
22  96  1
22  97  1
22  98  0
22  99  0
23  0  0
23  1  0
23  2  0
23  3  0
23  4  0
23  5  0
23  6  0
23  7  1
23  8  1
23  9  0
23  10  1
23  11  0
23  12  0
23  13  0
23  14  0
23  15  0
23  16  0
23  17  0
23  18  0
23  19  0
23  20  0
23  21  0
23  22  0
23  23  0
23  24  0
23  25  1
23  26  0
23  27  1
23  28  1
23  29  0
23  30  1
23  31  1
23  32  1
23  33  3
23  34  3
23  35  6
23  36  3
23  37  2
23  38  0
23  39  4
23  40  3
23  41  2
23  42  4
23  43  2
23  44  1
23  45  2
23  46  3
23  47  1
23  48  1
23  49  1
23  50  2
23  51  2
23  52  2
23  53  3
23  54  1
23  55  0
23  56  1
23  57  1
23  58  0
23  59  2
23  60  1
23  61  0
23  62  0
23  63  0
23  64  0
23  65  1
23  66  1
23  67  2
23  68  1
23  69  0
23  70  0
23  71  0
23  72  2
23  73  0
23  74  1
23  75  0
23  76  0
23  77  1
23  78  1
23  79  0
23  80  2
23  81  3
23  82  2
23  83  8
23  84  5
23  85  3
23  86  2
23  87  2
23  88  2
23  89  2
23  90  0
23  91  0
23  92  0
23  93  0
23  94  1
23  95  0
23  96  0
23  97  0
23  98  0
23  99  0
24  0  0
24  1  0
24  2  0
24  3  0
24  4  1
24  5  0
24  6  0
24  7  1
24  8  0
24  9  0
24  10  0
24  11  0
24  12  0
24  13  0
24  14  0
24  15  0
24  16  0
24  17  0
24  18  0
24  19  0
24  20  0
24  21  0
24  22  0
24  23  0
24  24  1
24  25  0
24  26  0
24  27  1
24  28  1
24  29  0
24  30  2
24  31  3
24  32  3
24  33  2
24  34  3
24  35  7
24  36  2
24  37  4
24  38  4
24  39  2
24  40  1
24  41  4
24  42  5
24  43  2
24  44  2
24  45  3
24  46  4
24  47  2
24  48  3
24  49  2
24  50  2
24  51  1
24  52  1
24  53  0
24  54  2
24  55  0
24  56  2
24  57  0
24  58  0
24  59  1
24  60  0
24  61  0
24  62  0
24  63  1
24  64  0
24  65  0
24  66  2
24  67  0
24  68  1
24  69  0
24  70  0
24  71  1
24  72  1
24  73  1
24  74  0
24  75  0
24  76  0
24  77  2
24  78  0
24  79  1
24  80  3
24  81  2
24  82  3
24  83  1
24  84  6
24  85  7
24  86  2
24  87  2
24  88  3
24  89  0
24  90  2
24  91  1
24  92  3
24  93  1
24  94  0
24  95  1
24  96  1
24  97  1
24  98  1
24  99  0
25  0  0
25  1  0
25  2  0
25  3  0
25  4  0
25  5  0
25  6  0
25  7  0
25  8  0
25  9  0
25  10  0
25  11  0
25  12  0
25  13  0
25  14  0
25  15  1
25  16  0
25  17  0
25  18  0
25  19  0
25  20  0
25  21  0
25  22  0
25  23  0
25  24  0
25  25  0
25  26  0
25  27  1
25  28  1
25  29  1
25  30  1
25  31  6
25  32  4
25  33  5
25  34  3
25  35  3
25  36  4
25  37  5
25  38  4
25  39  2
25  40  5
25  41  4
25  42  1
25  43  2
25  44  6
25  45  1
25  46  5
25  47  3
25  48  1
25  49  3
25  50  2
25  51  0
25  52  1
25  53  2
25  54  0
25  55  0
25  56  0
25  57  0
25  58  0
25  59  0
25  60  0
25  61  0
25  62  0
25  63  1
25  64  1
25  65  1
25  66  0
25  67  0
25  68  1
25  69  2
25  70  1
25  71  0
25  72  1
25  73  1
25  74  0
25  75  0
25  76  3
25  77  1
25  78  1
25  79  4
25  80  3
25  81  5
25  82  2
25  83  5
25  84  8
25  85  6
25  86  3
25  87  1
25  88  8
25  89  4
25  90  2
25  91  2
25  92  1
25  93  0
25  94  0
25  95  0
25  96  0
25  97  0
25  98  0
25  99  0
26  0  0
26  1  0
26  2  0
26  3  0
26  4  0
26  5  0
26  6  1
26  7  0
26  8  0
26  9  0
26  10  0
26  11  0
26  12  0
26  13  0
26  14  1
26  15  0
26  16  0
26  17  0
26  18  0
26  19  0
26  20  0
26  21  0
26  22  2
26  23  0
26  24  0
26  25  1
26  26  0
26  27  0
26  28  0
26  29  1
26  30  2
26  31  10
26  32  5
26  33  6
26  34  11
26  35  11
26  36  10
26  37  3
26  38  6
26  39  4
26  40  2
26  41  4
26  42  0
26  43  7
26  44  2
26  45  3
26  46  4
26  47  3
26  48  3
26  49  1
26  50  2
26  51  2
26  52  2
26  53  1
26  54  0
26  55  1
26  56  0
26  57  0
26  58  0
26  59  0
26  60  1
26  61  0
26  62  0
26  63  1
26  64  0
26  65  1
26  66  0
26  67  0
26  68  0
26  69  2
26  70  1
26  71  0
26  72  0
26  73  1
26  74  1
26  75  1
26  76  0
26  77  0
26  78  2
26  79  1
26  80  4
26  81  4
26  82  5
26  83  5
26  84  5
26  85  7
26  86  9
26  87  4
26  88  5
26  89  4
26  90  0
26  91  1
26  92  0
26  93  0
26  94  0
26  95  0
26  96  0
26  97  0
26  98  0
26  99  0
27  0  0
27  1  1
27  2  0
27  3  0
27  4  0
27  5  0
27  6  0
27  7  0
27  8  0
27  9  0
27  10  0
27  11  0
27  12  0
27  13  0
27  14  0
27  15  0
27  16  0
27  17  0
27  18  0
27  19  0
27  20  2
27  21  0
27  22  0
27  23  1
27  24  0
27  25  0
27  26  0
27  27  0
27  28  1
27  29  1
27  30  5
27  31  4
27  32  5
27  33  6
27  34  9
27  35  4
27  36  6
27  37  4
27  38  6
27  39  3
27  40  2
27  41  2
27  42  7
27  43  6
27  44  6
27  45  4
27  46  4
27  47  4
27  48  0
27  49  3
27  50  0
27  51  1
27  52  2
27  53  0
27  54  1
27  55  1
27  56  0
27  57  0
27  58  0
27  59  1
27  60  0
27  61  1
27  62  0
27  63  1
27  64  0
27  65  0
27  66  0
27  67  0
27  68  0
27  69  1
27  70  0
27  71  1
27  72  2
27  73  1
27  74  0
27  75  1
27  76  3
27  77  3
27  78  3
27  79  1
27  80  10
27  81  4
27  82  8
27  83  5
27  84  8
27  85  10
27  86  7
27  87  4
27  88  2
27  89  5
27  90  2
27  91  2
27  92  0
27  93  0
27  94  0
27  95  0
27  96  0
27  97  0
27  98  0
27  99  0
28  0  0
28  1  0
28  2  0
28  3  0
28  4  1
28  5  1
28  6  0
28  7  0
28  8  0
28  9  0
28  10  0
28  11  0
28  12  0
28  13  0
28  14  1
28  15  0
28  16  1
28  17  0
28  18  0
28  19  0
28  20  0
28  21  0
28  22  0
28  23  1
28  24  0
28  25  0
28  26  3
28  27  1
28  28  4
28  29  6
28  30  7
28  31  8
28  32  6
28  33  4
28  34  9
28  35  5
28  36  2
28  37  5
28  38  7
28  39  4
28  40  4
28  41  2
28  42  0
28  43  4
28  44  4
28  45  4
28  46  5
28  47  2
28  48  4
28  49  5
28  50  1
28  51  0
28  52  1
28  53  0
28  54  1
28  55  2
28  56  1
28  57  1
28  58  1
28  59  0
28  60  0
28  61  0
28  62  1
28  63  1
28  64  0
28  65  0
28  66  1
28  67  0
28  68  2
28  69  1
28  70  0
28  71  4
28  72  1
28  73  0
28  74  4
28  75  0
28  76  2
28  77  2
28  78  7
28  79  4
28  80  6
28  81  8
28  82  7
28  83  7
28  84  10
28  85  8
28  86  18
28  87  11
28  88  6
28  89  3
28  90  3
28  91  2
28  92  1
28  93  0
28  94  2
28  95  0
28  96  0
28  97  0
28  98  0
28  99  0
29  0  0
29  1  0
29  2  0
29  3  0
29  4  0
29  5  0
29  6  0
29  7  0
29  8  0
29  9  0
29  10  0
29  11  0
29  12  1
29  13  0
29  14  0
29  15  0
29  16  0
29  17  0
29  18  0
29  19  0
29  20  0
29  21  0
29  22  1
29  23  1
29  24  1
29  25  1
29  26  1
29  27  1
29  28  3
29  29  3
29  30  5
29  31  7
29  32  5
29  33  4
29  34  5
29  35  6
29  36  9
29  37  7
29  38  5
29  39  3
29  40  5
29  41  4
29  42  3
29  43  7
29  44  4
29  45  7
29  46  4
29  47  5
29  48  8
29  49  5
29  50  0
29  51  4
29  52  1
29  53  0
29  54  0
29  55  0
29  56  0
29  57  0
29  58  2
29  59  1
29  60  0
29  61  1
29  62  1
29  63  0
29  64  0
29  65  1
29  66  2
29  67  1
29  68  3
29  69  0
29  70  0
29  71  1
29  72  3
29  73  6
29  74  1
29  75  2
29  76  4
29  77  3
29  78  3
29  79  5
29  80  2
29  81  2
29  82  5
29  83  11
29  84  9
29  85  9
29  86  12
29  87  9
29  88  3
29  89  3
29  90  3
29  91  1
29  92  0
29  93  1
29  94  0
29  95  0
29  96  0
29  97  0
29  98  0
29  99  0
30  0  0
30  1  0
30  2  0
30  3  0
30  4  1
30  5  0
30  6  0
30  7  0
30  8  0
30  9  0
30  10  0
30  11  0
30  12  0
30  13  0
30  14  0
30  15  0
30  16  0
30  17  0
30  18  0
30  19  0
30  20  0
30  21  2
30  22  1
30  23  0
30  24  1
30  25  0
30  26  0
30  27  1
30  28  1
30  29  3
30  30  5
30  31  5
30  32  9
30  33  8
30  34  3
30  35  7
30  36  8
30  37  4
30  38  2
30  39  3
30  40  5
30  41  5
30  42  3
30  43  6
30  44  8
30  45  6
30  46  9
30  47  10
30  48  5
30  49  4
30  50  2
30  51  1
30  52  2
30  53  0
30  54  0
30  55  2
30  56  1
30  57  0
30  58  1
30  59  0
30  60  0
30  61  0
30  62  0
30  63  0
30  64  0
30  65  0
30  66  0
30  67  1
30  68  2
30  69  1
30  70  2
30  71  2
30  72  4
30  73  1
30  74  4
30  75  10
30  76  1
30  77  7
30  78  5
30  79  7
30  80  7
30  81  5
30  82  9
30  83  11
30  84  9
30  85  11
30  86  9
30  87  8
30  88  6
30  89  1
30  90  3
30  91  4
30  92  0
30  93  0
30  94  0
30  95  0
30  96  0
30  97  0
30  98  0
30  99  0
31  0  0
31  1  0
31  2  0
31  3  0
31  4  0
31  5  0
31  6  0
31  7  0
31  8  0
31  9  0
31  10  0
31  11  0
31  12  0
31  13  1
31  14  0
31  15  0
31  16  1
31  17  1
31  18  0
31  19  0
31  20  0
31  21  0
31  22  0
31  23  0
31  24  0
31  25  0
31  26  0
31  27  3
31  28  2
31  29  2
31  30  6
31  31  5
31  32  3
31  33  6
31  34  3
31  35  6
31  36  6
31  37  5
31  38  2
31  39  2
31  40  4
31  41  8
31  42  7
31  43  8
31  44  9
31  45  11
31  46  11
31  47  8
31  48  7
31  49  7
31  50  4
31  51  0
31  52  1
31  53  1
31  54  2
31  55  0
31  56  0
31  57  1
31  58  0
31  59  0
31  60  0
31  61  0
31  62  0
31  63  4
31  64  2
31  65  0
31  66  1
31  67  0
31  68  1
31  69  1
31  70  0
31  71  7
31  72  2
31  73  2
31  74  5
31  75  8
31  76  9
31  77  2
31  78  4
31  79  5
31  80  5
31  81  7
31  82  10
31  83  11
31  84  9
31  85  8
31  86  6
31  87  5
31  88  3
31  89  2
31  90  5
31  91  0
31  92  2
31  93  0
31  94  1
31  95  0
31  96  0
31  97  1
31  98  0
31  99  0
32  0  0
32  1  0
32  2  0
32  3  0
32  4  0
32  5  0
32  6  1
32  7  0
32  8  0
32  9  0
32  10  1
32  11  0
32  12  0
32  13  0
32  14  0
32  15  0
32  16  0
32  17  0
32  18  1
32  19  1
32  20  0
32  21  1
32  22  1
32  23  0
32  24  1
32  25  2
32  26  1
32  27  1
32  28  1
32  29  5
32  30  4
32  31  4
32  32  8
32  33  9
32  34  8
32  35  4
32  36  5
32  37  6
32  38  2
32  39  3
32  40  5
32  41  7
32  42  5
32  43  8
32  44  1
32  45  9
32  46  6
32  47  12
32  48  5
32  49  5
32  50  0
32  51  1
32  52  0
32  53  0
32  54  2
32  55  3
32  56  0
32  57  0
32  58  0
32  59  0
32  60  1
32  61  0
32  62  0
32  63  0
32  64  2
32  65  2
32  66  0
32  67  2
32  68  3
32  69  2
32  70  1
32  71  1
32  72  0
32  73  5
32  74  9
32  75  5
32  76  5
32  77  5
32  78  3
32  79  4
32  80  4
32  81  5
32  82  5
32  83  6
32  84  8
32  85  3
32  86  0
32  87  5
32  88  2
32  89  0
32  90  0
32  91  2
32  92  1
32  93  1
32  94  0
32  95  1
32  96  0
32  97  0
32  98  0
32  99  0
33  0  0
33  1  0
33  2  1
33  3  0
33  4  0
33  5  0
33  6  0
33  7  0
33  8  0
33  9  0
33  10  0
33  11  0
33  12  0
33  13  0
33  14  0
33  15  0
33  16  0
33  17  0
33  18  0
33  19  0
33  20  0
33  21  0
33  22  0
33  23  0
33  24  0
33  25  1
33  26  1
33  27  1
33  28  1
33  29  4
33  30  5
33  31  8
33  32  3
33  33  7
33  34  7
33  35  4
33  36  6
33  37  8
33  38  3
33  39  4
33  40  5
33  41  7
33  42  11
33  43  4
33  44  10
33  45  2
33  46  5
33  47  5
33  48  4
33  49  4
33  50  7
33  51  0
33  52  1
33  53  0
33  54  0
33  55  0
33  56  0
33  57  1
33  58  1
33  59  0
33  60  0
33  61  0
33  62  0
33  63  0
33  64  0
33  65  0
33  66  0
33  67  0
33  68  0
33  69  2
33  70  1
33  71  5
33  72  7
33  73  6
33  74  7
33  75  13
33  76  4
33  77  6
33  78  2
33  79  5
33  80  3
33  81  6
33  82  3
33  83  2
33  84  5
33  85  3
33  86  4
33  87  5
33  88  2
33  89  2
33  90  1
33  91  1
33  92  1
33  93  1
33  94  1
33  95  1
33  96  0
33  97  1
33  98  0
33  99  0
34  0  0
34  1  0
34  2  0
34  3  0
34  4  0
34  5  0
34  6  0
34  7  0
34  8  0
34  9  0
34  10  0
34  11  0
34  12  0
34  13  0
34  14  0
34  15  0
34  16  0
34  17  0
34  18  0
34  19  0
34  20  0
34  21  0
34  22  0
34  23  0
34  24  3
34  25  1
34  26  0
34  27  0
34  28  0
34  29  2
34  30  1
34  31  5
34  32  3
34  33  4
34  34  4
34  35  6
34  36  5
34  37  7
34  38  11
34  39  3
34  40  3
34  41  5
34  42  3
34  43  1
34  44  7
34  45  6
34  46  4
34  47  5
34  48  4
34  49  2
34  50  6
34  51  6
34  52  2
34  53  2
34  54  1
34  55  0
34  56  2
34  57  1
34  58  2
34  59  0
34  60  0
34  61  1
34  62  0
34  63  0
34  64  1
34  65  1
34  66  0
34  67  1
34  68  0
34  69  1
34  70  2
34  71  1
34  72  3
34  73  4
34  74  7
34  75  9
34  76  8
34  77  3
34  78  3
34  79  2
34  80  6
34  81  5
34  82  4
34  83  3
34  84  2
34  85  2
34  86  2
34  87  0
34  88  2
34  89  2
34  90  0
34  91  1
34  92  0
34  93  1
34  94  0
34  95  2
34  96  0
34  97  0
34  98  0
34  99  0
35  0  0
35  1  0
35  2  0
35  3  0
35  4  1
35  5  0
35  6  0
35  7  0
35  8  0
35  9  0
35  10  0
35  11  0
35  12  1
35  13  0
35  14  0
35  15  0
35  16  0
35  17  0
35  18  1
35  19  0
35  20  0
35  21  1
35  22  0
35  23  0
35  24  0
35  25  0
35  26  1
35  27  1
35  28  0
35  29  1
35  30  2
35  31  0
35  32  3
35  33  3
35  34  2
35  35  4
35  36  3
35  37  6
35  38  13
35  39  5
35  40  3
35  41  4
35  42  3
35  43  4
35  44  6
35  45  3
35  46  4
35  47  2
35  48  5
35  49  3
35  50  4
35  51  1
35  52  0
35  53  3
35  54  1
35  55  0
35  56  0
35  57  0
35  58  0
35  59  0
35  60  2
35  61  1
35  62  0
35  63  1
35  64  0
35  65  0
35  66  2
35  67  1
35  68  2
35  69  1
35  70  1
35  71  1
35  72  1
35  73  2
35  74  3
35  75  5
35  76  6
35  77  6
35  78  4
35  79  5
35  80  1
35  81  6
35  82  3
35  83  4
35  84  2
35  85  0
35  86  1
35  87  5
35  88  2
35  89  0
35  90  0
35  91  1
35  92  3
35  93  0
35  94  0
35  95  1
35  96  0
35  97  0
35  98  0
35  99  0
36  0  0
36  1  0
36  2  0
36  3  0
36  4  0
36  5  0
36  6  0
36  7  0
36  8  0
36  9  0
36  10  0
36  11  0
36  12  0
36  13  0
36  14  0
36  15  0
36  16  0
36  17  0
36  18  0
36  19  0
36  20  0
36  21  0
36  22  0
36  23  0
36  24  0
36  25  0
36  26  0
36  27  1
36  28  1
36  29  0
36  30  1
36  31  0
36  32  2
36  33  3
36  34  4
36  35  3
36  36  6
36  37  4
36  38  4
36  39  4
36  40  3
36  41  5
36  42  2
36  43  4
36  44  4
36  45  3
36  46  2
36  47  4
36  48  1
36  49  2
36  50  2
36  51  0
36  52  3
36  53  0
36  54  1
36  55  1
36  56  1
36  57  2
36  58  0
36  59  1
36  60  0
36  61  0
36  62  0
36  63  1
36  64  2
36  65  0
36  66  2
36  67  1
36  68  3
36  69  4
36  70  0
36  71  3
36  72  4
36  73  2
36  74  3
36  75  2
36  76  7
36  77  6
36  78  6
36  79  4
36  80  4
36  81  5
36  82  7
36  83  6
36  84  4
36  85  2
36  86  6
36  87  1
36  88  1
36  89  0
36  90  3
36  91  2
36  92  1
36  93  1
36  94  0
36  95  0
36  96  0
36  97  0
36  98  1
36  99  1
37  0  0
37  1  0
37  2  0
37  3  1
37  4  0
37  5  0
37  6  0
37  7  0
37  8  0
37  9  0
37  10  0
37  11  0
37  12  0
37  13  0
37  14  0
37  15  0
37  16  0
37  17  0
37  18  0
37  19  0
37  20  0
37  21  0
37  22  0
37  23  0
37  24  0
37  25  0
37  26  0
37  27  0
37  28  0
37  29  1
37  30  1
37  31  0
37  32  2
37  33  2
37  34  0
37  35  8
37  36  1
37  37  5
37  38  3
37  39  4
37  40  4
37  41  3
37  42  3
37  43  2
37  44  4
37  45  4
37  46  4
37  47  5
37  48  6
37  49  4
37  50  2
37  51  0
37  52  3
37  53  2
37  54  0
37  55  2
37  56  1
37  57  0
37  58  1
37  59  1
37  60  1
37  61  0
37  62  0
37  63  0
37  64  0
37  65  2
37  66  0
37  67  2
37  68  0
37  69  1
37  70  1
37  71  1
37  72  1
37  73  0
37  74  0
37  75  3
37  76  3
37  77  5
37  78  3
37  79  3
37  80  8
37  81  8
37  82  6
37  83  2
37  84  2
37  85  0
37  86  1
37  87  1
37  88  3
37  89  0
37  90  1
37  91  0
37  92  0
37  93  1
37  94  0
37  95  0
37  96  0
37  97  0
37  98  0
37  99  0
38  0  0
38  1  0
38  2  0
38  3  0
38  4  0
38  5  1
38  6  1
38  7  0
38  8  0
38  9  1
38  10  0
38  11  0
38  12  0
38  13  0
38  14  0
38  15  0
38  16  0
38  17  0
38  18  0
38  19  0
38  20  0
38  21  0
38  22  0
38  23  1
38  24  0
38  25  0
38  26  0
38  27  0
38  28  1
38  29  0
38  30  2
38  31  0
38  32  2
38  33  2
38  34  2
38  35  0
38  36  2
38  37  2
38  38  2
38  39  5
38  40  5
38  41  1
38  42  5
38  43  2
38  44  0
38  45  5
38  46  5
38  47  7
38  48  2
38  49  2
38  50  1
38  51  2
38  52  2
38  53  1
38  54  1
38  55  1
38  56  1
38  57  2
38  58  3
38  59  0
38  60  1
38  61  3
38  62  0
38  63  0
38  64  0
38  65  0
38  66  3
38  67  0
38  68  0
38  69  2
38  70  1
38  71  0
38  72  2
38  73  0
38  74  2
38  75  3
38  76  1
38  77  3
38  78  1
38  79  3
38  80  4
38  81  6
38  82  7
38  83  2
38  84  3
38  85  5
38  86  1
38  87  2
38  88  0
38  89  1
38  90  1
38  91  0
38  92  2
38  93  0
38  94  1
38  95  0
38  96  0
38  97  0
38  98  0
38  99  0
39  0  0
39  1  0
39  2  0
39  3  0
39  4  0
39  5  0
39  6  0
39  7  0
39  8  0
39  9  0
39  10  0
39  11  0
39  12  0
39  13  0
39  14  1
39  15  0
39  16  0
39  17  0
39  18  1
39  19  0
39  20  0
39  21  1
39  22  0
39  23  0
39  24  0
39  25  0
39  26  0
39  27  0
39  28  0
39  29  2
39  30  1
39  31  0
39  32  3
39  33  0
39  34  1
39  35  1
39  36  0
39  37  1
39  38  2
39  39  0
39  40  3
39  41  4
39  42  2
39  43  0
39  44  2
39  45  9
39  46  7
39  47  7
39  48  8
39  49  5
39  50  2
39  51  2
39  52  0
39  53  4
39  54  1
39  55  2
39  56  3
39  57  1
39  58  1
39  59  0
39  60  1
39  61  1
39  62  1
39  63  1
39  64  0
39  65  0
39  66  0
39  67  0
39  68  2
39  69  3
39  70  2
39  71  1
39  72  1
39  73  0
39  74  4
39  75  1
39  76  4
39  77  2
39  78  2
39  79  4
39  80  0
39  81  9
39  82  3
39  83  3
39  84  2
39  85  1
39  86  1
39  87  3
39  88  1
39  89  2
39  90  0
39  91  2
39  92  0
39  93  1
39  94  0
39  95  0
39  96  0
39  97  1
39  98  0
39  99  0
40  0  0
40  1  0
40  2  0
40  3  0
40  4  0
40  5  0
40  6  0
40  7  0
40  8  0
40  9  0
40  10  0
40  11  0
40  12  0
40  13  0
40  14  0
40  15  0
40  16  0
40  17  0
40  18  0
40  19  0
40  20  0
40  21  0
40  22  0
40  23  0
40  24  0
40  25  0
40  26  1
40  27  0
40  28  2
40  29  1
40  30  0
40  31  1
40  32  2
40  33  1
40  34  1
40  35  3
40  36  2
40  37  2
40  38  1
40  39  0
40  40  4
40  41  2
40  42  2
40  43  1
40  44  2
40  45  8
40  46  7
40  47  9
40  48  6
40  49  0
40  50  1
40  51  1
40  52  2
40  53  0
40  54  1
40  55  0
40  56  2
40  57  1
40  58  1
40  59  2
40  60  1
40  61  0
40  62  1
40  63  0
40  64  2
40  65  0
40  66  1
40  67  0
40  68  0
40  69  3
40  70  4
40  71  0
40  72  0
40  73  3
40  74  3
40  75  3
40  76  5
40  77  1
40  78  2
40  79  2
40  80  6
40  81  1
40  82  1
40  83  1
40  84  2
40  85  1
40  86  0
40  87  0
40  88  1
40  89  1
40  90  1
40  91  1
40  92  1
40  93  1
40  94  0
40  95  1
40  96  0
40  97  0
40  98  0
40  99  0
41  0  0
41  1  0
41  2  0
41  3  0
41  4  0
41  5  0
41  6  0
41  7  0
41  8  0
41  9  0
41  10  0
41  11  0
41  12  0
41  13  0
41  14  0
41  15  0
41  16  0
41  17  0
41  18  0
41  19  1
41  20  1
41  21  0
41  22  0
41  23  0
41  24  0
41  25  0
41  26  0
41  27  0
41  28  0
41  29  0
41  30  0
41  31  1
41  32  0
41  33  1
41  34  1
41  35  0
41  36  0
41  37  0
41  38  1
41  39  1
41  40  2
41  41  0
41  42  1
41  43  1
41  44  2
41  45  6
41  46  5
41  47  7
41  48  7
41  49  5
41  50  4
41  51  1
41  52  1
41  53  3
41  54  0
41  55  2
41  56  0
41  57  0
41  58  0
41  59  0
41  60  3
41  61  2
41  62  2
41  63  1
41  64  1
41  65  3
41  66  3
41  67  3
41  68  0
41  69  0
41  70  1
41  71  6
41  72  4
41  73  2
41  74  2
41  75  2
41  76  3
41  77  2
41  78  3
41  79  2
41  80  0
41  81  3
41  82  1
41  83  1
41  84  2
41  85  0
41  86  0
41  87  1
41  88  0
41  89  0
41  90  4
41  91  1
41  92  0
41  93  0
41  94  1
41  95  0
41  96  1
41  97  1
41  98  0
41  99  0
42  0  1
42  1  0
42  2  0
42  3  0
42  4  0
42  5  0
42  6  0
42  7  0
42  8  0
42  9  0
42  10  0
42  11  0
42  12  0
42  13  0
42  14  0
42  15  0
42  16  0
42  17  0
42  18  0
42  19  0
42  20  0
42  21  0
42  22  0
42  23  0
42  24  0
42  25  0
42  26  1
42  27  0
42  28  0
42  29  1
42  30  1
42  31  1
42  32  0
42  33  0
42  34  0
42  35  2
42  36  0
42  37  0
42  38  2
42  39  2
42  40  1
42  41  1
42  42  2
42  43  1
42  44  1
42  45  5
42  46  5
42  47  6
42  48  5
42  49  6
42  50  6
42  51  2
42  52  2
42  53  2
42  54  1
42  55  1
42  56  1
42  57  0
42  58  1
42  59  0
42  60  0
42  61  0
42  62  0
42  63  0
42  64  1
42  65  1
42  66  2
42  67  3
42  68  1
42  69  1
42  70  3
42  71  3
42  72  2
42  73  2
42  74  0
42  75  1
42  76  1
42  77  0
42  78  2
42  79  2
42  80  1
42  81  0
42  82  1
42  83  0
42  84  1
42  85  1
42  86  0
42  87  3
42  88  0
42  89  1
42  90  1
42  91  2
42  92  0
42  93  0
42  94  2
42  95  0
42  96  2
42  97  0
42  98  0
42  99  0
43  0  0
43  1  1
43  2  0
43  3  0
43  4  0
43  5  0
43  6  0
43  7  0
43  8  0
43  9  0
43  10  0
43  11  1
43  12  0
43  13  1
43  14  0
43  15  0
43  16  0
43  17  0
43  18  0
43  19  0
43  20  0
43  21  0
43  22  0
43  23  0
43  24  0
43  25  0
43  26  0
43  27  0
43  28  0
43  29  1
43  30  0
43  31  0
43  32  0
43  33  0
43  34  3
43  35  0
43  36  3
43  37  1
43  38  4
43  39  1
43  40  0
43  41  0
43  42  2
43  43  1
43  44  1
43  45  3
43  46  2
43  47  4
43  48  5
43  49  2
43  50  1
43  51  3
43  52  3
43  53  3
43  54  2
43  55  0
43  56  0
43  57  0
43  58  0
43  59  1
43  60  0
43  61  1
43  62  0
43  63  0
43  64  4
43  65  3
43  66  0
43  67  3
43  68  1
43  69  5
43  70  1
43  71  3
43  72  1
43  73  1
43  74  2
43  75  0
43  76  0
43  77  2
43  78  2
43  79  2
43  80  1
43  81  1
43  82  1
43  83  0
43  84  1
43  85  0
43  86  1
43  87  0
43  88  1
43  89  0
43  90  0
43  91  1
43  92  1
43  93  1
43  94  1
43  95  0
43  96  0
43  97  0
43  98  0
43  99  2
44  0  0
44  1  0
44  2  0
44  3  0
44  4  0
44  5  0
44  6  0
44  7  0
44  8  0
44  9  0
44  10  0
44  11  0
44  12  0
44  13  0
44  14  1
44  15  1
44  16  0
44  17  0
44  18  0
44  19  0
44  20  0
44  21  0
44  22  0
44  23  0
44  24  0
44  25  0
44  26  1
44  27  0
44  28  0
44  29  0
44  30  1
44  31  0
44  32  0
44  33  0
44  34  0
44  35  0
44  36  0
44  37  0
44  38  0
44  39  0
44  40  1
44  41  0
44  42  2
44  43  1
44  44  1
44  45  3
44  46  4
44  47  4
44  48  1
44  49  2
44  50  2
44  51  4
44  52  1
44  53  3
44  54  0
44  55  1
44  56  1
44  57  1
44  58  2
44  59  0
44  60  3
44  61  0
44  62  0
44  63  0
44  64  0
44  65  1
44  66  1
44  67  0
44  68  0
44  69  1
44  70  0
44  71  1
44  72  1
44  73  2
44  74  0
44  75  1
44  76  2
44  77  1
44  78  0
44  79  0
44  80  1
44  81  0
44  82  0
44  83  1
44  84  1
44  85  0
44  86  0
44  87  0
44  88  1
44  89  1
44  90  1
44  91  0
44  92  1
44  93  1
44  94  0
44  95  0
44  96  0
44  97  0
44  98  0
44  99  0
45  0  0
45  1  0
45  2  0
45  3  0
45  4  0
45  5  0
45  6  0
45  7  0
45  8  0
45  9  0
45  10  0
45  11  0
45  12  0
45  13  0
45  14  0
45  15  0
45  16  0
45  17  0
45  18  0
45  19  0
45  20  0
45  21  0
45  22  0
45  23  0
45  24  0
45  25  1
45  26  1
45  27  0
45  28  2
45  29  0
45  30  0
45  31  2
45  32  2
45  33  0
45  34  0
45  35  2
45  36  0
45  37  1
45  38  0
45  39  2
45  40  0
45  41  0
45  42  2
45  43  1
45  44  4
45  45  6
45  46  0
45  47  3
45  48  1
45  49  1
45  50  1
45  51  1
45  52  1
45  53  1
45  54  2
45  55  2
45  56  0
45  57  1
45  58  0
45  59  3
45  60  0
45  61  0
45  62  0
45  63  0
45  64  3
45  65  2
45  66  1
45  67  1
45  68  1
45  69  1
45  70  0
45  71  3
45  72  0
45  73  1
45  74  0
45  75  1
45  76  0
45  77  1
45  78  1
45  79  2
45  80  1
45  81  0
45  82  0
45  83  1
45  84  1
45  85  1
45  86  1
45  87  1
45  88  0
45  89  0
45  90  1
45  91  0
45  92  0
45  93  0
45  94  0
45  95  0
45  96  0
45  97  0
45  98  0
45  99  0
46  0  0
46  1  0
46  2  0
46  3  0
46  4  0
46  5  0
46  6  0
46  7  0
46  8  0
46  9  0
46  10  0
46  11  0
46  12  0
46  13  0
46  14  0
46  15  0
46  16  0
46  17  0
46  18  0
46  19  0
46  20  0
46  21  0
46  22  0
46  23  0
46  24  1
46  25  1
46  26  0
46  27  1
46  28  0
46  29  0
46  30  0
46  31  0
46  32  1
46  33  0
46  34  1
46  35  1
46  36  0
46  37  1
46  38  1
46  39  1
46  40  2
46  41  2
46  42  1
46  43  1
46  44  1
46  45  1
46  46  3
46  47  0
46  48  4
46  49  2
46  50  3
46  51  2
46  52  0
46  53  1
46  54  0
46  55  0
46  56  2
46  57  1
46  58  0
46  59  0
46  60  0
46  61  0
46  62  1
46  63  0
46  64  1
46  65  1
46  66  0
46  67  1
46  68  0
46  69  0
46  70  0
46  71  1
46  72  2
46  73  2
46  74  0
46  75  0
46  76  2
46  77  1
46  78  1
46  79  0
46  80  1
46  81  0
46  82  0
46  83  2
46  84  0
46  85  0
46  86  1
46  87  0
46  88  0
46  89  1
46  90  1
46  91  2
46  92  0
46  93  2
46  94  1
46  95  0
46  96  0
46  97  0
46  98  0
46  99  0
47  0  0
47  1  0
47  2  0
47  3  0
47  4  0
47  5  0
47  6  0
47  7  0
47  8  0
47  9  0
47  10  1
47  11  0
47  12  0
47  13  0
47  14  0
47  15  0
47  16  1
47  17  0
47  18  0
47  19  0
47  20  1
47  21  0
47  22  0
47  23  0
47  24  0
47  25  1
47  26  1
47  27  0
47  28  0
47  29  1
47  30  1
47  31  1
47  32  0
47  33  1
47  34  1
47  35  0
47  36  1
47  37  1
47  38  1
47  39  1
47  40  2
47  41  0
47  42  1
47  43  1
47  44  2
47  45  2
47  46  1
47  47  1
47  48  2
47  49  1
47  50  2
47  51  1
47  52  0
47  53  1
47  54  2
47  55  0
47  56  0
47  57  2
47  58  0
47  59  0
47  60  0
47  61  0
47  62  0
47  63  0
47  64  1
47  65  0
47  66  0
47  67  0
47  68  2
47  69  1
47  70  1
47  71  1
47  72  1
47  73  1
47  74  3
47  75  0
47  76  0
47  77  1
47  78  0
47  79  1
47  80  0
47  81  0
47  82  1
47  83  0
47  84  0
47  85  3
47  86  0
47  87  0
47  88  0
47  89  0
47  90  0
47  91  0
47  92  0
47  93  0
47  94  0
47  95  0
47  96  0
47  97  0
47  98  0
47  99  0
48  0  0
48  1  0
48  2  0
48  3  0
48  4  1
48  5  0
48  6  0
48  7  0
48  8  0
48  9  0
48  10  0
48  11  0
48  12  0
48  13  0
48  14  0
48  15  0
48  16  0
48  17  0
48  18  0
48  19  0
48  20  0
48  21  0
48  22  0
48  23  0
48  24  0
48  25  0
48  26  1
48  27  0
48  28  0
48  29  0
48  30  0
48  31  2
48  32  1
48  33  1
48  34  0
48  35  0
48  36  0
48  37  0
48  38  0
48  39  2
48  40  0
48  41  0
48  42  3
48  43  0
48  44  0
48  45  0
48  46  1
48  47  1
48  48  1
48  49  2
48  50  1
48  51  0
48  52  3
48  53  4
48  54  1
48  55  1
48  56  1
48  57  0
48  58  0
48  59  0
48  60  0
48  61  0
48  62  1
48  63  2
48  64  0
48  65  2
48  66  0
48  67  0
48  68  0
48  69  0
48  70  0
48  71  1
48  72  1
48  73  0
48  74  2
48  75  2
48  76  0
48  77  0
48  78  1
48  79  1
48  80  1
48  81  0
48  82  0
48  83  0
48  84  0
48  85  0
48  86  1
48  87  0
48  88  0
48  89  0
48  90  0
48  91  0
48  92  0
48  93  0
48  94  0
48  95  0
48  96  0
48  97  2
48  98  2
48  99  0
49  0  0
49  1  0
49  2  0
49  3  0
49  4  0
49  5  0
49  6  0
49  7  0
49  8  0
49  9  0
49  10  1
49  11  0
49  12  0
49  13  0
49  14  0
49  15  0
49  16  0
49  17  1
49  18  0
49  19  0
49  20  0
49  21  0
49  22  0
49  23  0
49  24  0
49  25  1
49  26  0
49  27  2
49  28  0
49  29  0
49  30  2
49  31  1
49  32  1
49  33  0
49  34  0
49  35  1
49  36  0
49  37  0
49  38  1
49  39  1
49  40  0
49  41  0
49  42  2
49  43  1
49  44  1
49  45  1
49  46  0
49  47  0
49  48  1
49  49  0
49  50  0
49  51  0
49  52  2
49  53  3
49  54  0
49  55  1
49  56  0
49  57  2
49  58  0
49  59  1
49  60  1
49  61  0
49  62  0
49  63  1
49  64  0
49  65  0
49  66  2
49  67  2
49  68  3
49  69  0
49  70  3
49  71  1
49  72  3
49  73  0
49  74  1
49  75  1
49  76  2
49  77  1
49  78  0
49  79  0
49  80  1
49  81  0
49  82  2
49  83  1
49  84  0
49  85  0
49  86  0
49  87  0
49  88  1
49  89  0
49  90  0
49  91  0
49  92  1
49  93  0
49  94  1
49  95  0
49  96  0
49  97  0
49  98  0
49  99  0
50  0  0
50  1  0
50  2  0
50  3  0
50  4  0
50  5  0
50  6  0
50  7  0
50  8  0
50  9  0
50  10  0
50  11  0
50  12  0
50  13  0
50  14  0
50  15  0
50  16  0
50  17  0
50  18  0
50  19  0
50  20  0
50  21  0
50  22  0
50  23  0
50  24  0
50  25  0
50  26  0
50  27  0
50  28  0
50  29  1
50  30  1
50  31  0
50  32  0
50  33  0
50  34  1
50  35  1
50  36  0
50  37  0
50  38  0
50  39  0
50  40  1
50  41  0
50  42  1
50  43  1
50  44  1
50  45  1
50  46  0
50  47  0
50  48  1
50  49  4
50  50  1
50  51  2
50  52  4
50  53  1
50  54  0
50  55  1
50  56  0
50  57  1
50  58  2
50  59  0
50  60  2
50  61  0
50  62  0
50  63  1
50  64  2
50  65  1
50  66  0
50  67  0
50  68  0
50  69  0
50  70  2
50  71  0
50  72  0
50  73  0
50  74  0
50  75  0
50  76  0
50  77  0
50  78  1
50  79  0
50  80  0
50  81  0
50  82  0
50  83  1
50  84  0
50  85  0
50  86  0
50  87  0
50  88  1
50  89  0
50  90  1
50  91  0
50  92  0
50  93  1
50  94  0
50  95  0
50  96  0
50  97  0
50  98  0
50  99  1
51  0  0
51  1  0
51  2  0
51  3  0
51  4  0
51  5  0
51  6  0
51  7  0
51  8  0
51  9  0
51  10  1
51  11  0
51  12  0
51  13  0
51  14  0
51  15  0
51  16  0
51  17  0
51  18  0
51  19  0
51  20  0
51  21  0
51  22  0
51  23  1
51  24  0
51  25  2
51  26  0
51  27  0
51  28  1
51  29  0
51  30  0
51  31  0
51  32  1
51  33  0
51  34  0
51  35  1
51  36  0
51  37  0
51  38  0
51  39  0
51  40  0
51  41  1
51  42  1
51  43  1
51  44  0
51  45  2
51  46  0
51  47  1
51  48  0
51  49  0
51  50  1
51  51  0
51  52  1
51  53  1
51  54  0
51  55  1
51  56  0
51  57  1
51  58  1
51  59  0
51  60  0
51  61  0
51  62  0
51  63  0
51  64  1
51  65  1
51  66  1
51  67  0
51  68  2
51  69  0
51  70  1
51  71  0
51  72  1
51  73  1
51  74  0
51  75  1
51  76  0
51  77  0
51  78  0
51  79  0
51  80  2
51  81  0
51  82  0
51  83  1
51  84  0
51  85  0
51  86  0
51  87  0
51  88  0
51  89  1
51  90  0
51  91  0
51  92  0
51  93  0
51  94  0
51  95  0
51  96  1
51  97  0
51  98  0
51  99  0
52  0  0
52  1  0
52  2  0
52  3  0
52  4  0
52  5  0
52  6  0
52  7  0
52  8  0
52  9  0
52  10  0
52  11  0
52  12  0
52  13  0
52  14  0
52  15  0
52  16  0
52  17  0
52  18  0
52  19  0
52  20  0
52  21  0
52  22  0
52  23  0
52  24  0
52  25  0
52  26  2
52  27  1
52  28  1
52  29  1
52  30  0
52  31  2
52  32  0
52  33  0
52  34  0
52  35  0
52  36  0
52  37  0
52  38  0
52  39  0
52  40  1
52  41  1
52  42  0
52  43  1
52  44  0
52  45  1
52  46  2
52  47  0
52  48  1
52  49  0
52  50  0
52  51  2
52  52  0
52  53  2
52  54  0
52  55  1
52  56  2
52  57  0
52  58  0
52  59  0
52  60  0
52  61  1
52  62  0
52  63  0
52  64  1
52  65  1
52  66  0
52  67  0
52  68  1
52  69  0
52  70  0
52  71  0
52  72  1
52  73  0
52  74  2
52  75  1
52  76  1
52  77  1
52  78  4
52  79  1
52  80  0
52  81  1
52  82  0
52  83  1
52  84  0
52  85  0
52  86  0
52  87  0
52  88  1
52  89  0
52  90  1
52  91  0
52  92  1
52  93  0
52  94  0
52  95  0
52  96  1
52  97  0
52  98  0
52  99  0
53  0  0
53  1  0
53  2  0
53  3  0
53  4  0
53  5  0
53  6  1
53  7  0
53  8  0
53  9  0
53  10  0
53  11  0
53  12  0
53  13  0
53  14  0
53  15  0
53  16  0
53  17  0
53  18  0
53  19  0
53  20  1
53  21  0
53  22  0
53  23  0
53  24  0
53  25  0
53  26  0
53  27  0
53  28  1
53  29  0
53  30  0
53  31  1
53  32  0
53  33  0
53  34  0
53  35  0
53  36  0
53  37  0
53  38  1
53  39  1
53  40  1
53  41  0
53  42  0
53  43  2
53  44  0
53  45  0
53  46  2
53  47  2
53  48  1
53  49  1
53  50  0
53  51  2
53  52  0
53  53  0
53  54  1
53  55  1
53  56  1
53  57  0
53  58  0
53  59  0
53  60  0
53  61  0
53  62  1
53  63  0
53  64  0
53  65  0
53  66  0
53  67  0
53  68  0
53  69  1
53  70  1
53  71  0
53  72  1
53  73  2
53  74  0
53  75  1
53  76  2
53  77  1
53  78  0
53  79  0
53  80  1
53  81  0
53  82  1
53  83  0
53  84  0
53  85  1
53  86  0
53  87  0
53  88  0
53  89  0
53  90  0
53  91  1
53  92  0
53  93  0
53  94  0
53  95  0
53  96  0
53  97  0
53  98  0
53  99  0
54  0  0
54  1  0
54  2  0
54  3  0
54  4  0
54  5  0
54  6  0
54  7  0
54  8  0
54  9  0
54  10  0
54  11  0
54  12  0
54  13  0
54  14  0
54  15  0
54  16  0
54  17  0
54  18  0
54  19  1
54  20  0
54  21  0
54  22  1
54  23  0
54  24  0
54  25  0
54  26  0
54  27  0
54  28  1
54  29  1
54  30  1
54  31  2
54  32  0
54  33  1
54  34  0
54  35  0
54  36  0
54  37  1
54  38  0
54  39  1
54  40  1
54  41  1
54  42  0
54  43  1
54  44  0
54  45  1
54  46  2
54  47  0
54  48  1
54  49  1
54  50  1
54  51  1
54  52  1
54  53  1
54  54  1
54  55  0
54  56  0
54  57  0
54  58  1
54  59  1
54  60  0
54  61  1
54  62  0
54  63  0
54  64  0
54  65  0
54  66  1
54  67  0
54  68  0
54  69  0
54  70  0
54  71  1
54  72  1
54  73  3
54  74  1
54  75  3
54  76  0
54  77  2
54  78  2
54  79  2
54  80  0
54  81  1
54  82  0
54  83  0
54  84  1
54  85  1
54  86  0
54  87  0
54  88  0
54  89  0
54  90  0
54  91  0
54  92  1
54  93  0
54  94  0
54  95  0
54  96  0
54  97  0
54  98  0
54  99  0
55  0  0
55  1  0
55  2  0
55  3  0
55  4  0
55  5  1
55  6  0
55  7  0
55  8  0
55  9  0
55  10  0
55  11  0
55  12  0
55  13  0
55  14  0
55  15  0
55  16  0
55  17  0
55  18  1
55  19  1
55  20  0
55  21  0
55  22  0
55  23  0
55  24  1
55  25  0
55  26  1
55  27  1
55  28  0
55  29  0
55  30  1
55  31  1
55  32  0
55  33  1
55  34  0
55  35  0
55  36  0
55  37  0
55  38  2
55  39  0
55  40  1
55  41  0
55  42  1
55  43  1
55  44  0
55  45  3
55  46  1
55  47  1
55  48  1
55  49  0
55  50  1
55  51  2
55  52  1
55  53  1
55  54  0
55  55  0
55  56  0
55  57  1
55  58  1
55  59  0
55  60  0
55  61  0
55  62  0
55  63  0
55  64  1
55  65  0
55  66  0
55  67  1
55  68  2
55  69  1
55  70  1
55  71  0
55  72  1
55  73  0
55  74  0
55  75  2
55  76  0
55  77  0
55  78  1
55  79  1
55  80  1
55  81  0
55  82  1
55  83  0
55  84  0
55  85  1
55  86  0
55  87  1
55  88  1
55  89  0
55  90  0
55  91  0
55  92  0
55  93  0
55  94  0
55  95  0
55  96  0
55  97  1
55  98  0
55  99  0
56  0  0
56  1  0
56  2  0
56  3  0
56  4  0
56  5  0
56  6  0
56  7  1
56  8  0
56  9  0
56  10  0
56  11  0
56  12  0
56  13  0
56  14  0
56  15  0
56  16  0
56  17  0
56  18  0
56  19  1
56  20  0
56  21  0
56  22  1
56  23  0
56  24  0
56  25  0
56  26  0
56  27  1
56  28  0
56  29  0
56  30  0
56  31  0
56  32  0
56  33  1
56  34  0
56  35  0
56  36  0
56  37  0
56  38  2
56  39  0
56  40  2
56  41  0
56  42  1
56  43  1
56  44  0
56  45  2
56  46  1
56  47  1
56  48  2
56  49  1
56  50  1
56  51  1
56  52  1
56  53  0
56  54  0
56  55  0
56  56  0
56  57  0
56  58  0
56  59  0
56  60  0
56  61  1
56  62  1
56  63  1
56  64  1
56  65  0
56  66  0
56  67  0
56  68  0
56  69  0
56  70  0
56  71  0
56  72  0
56  73  1
56  74  1
56  75  1
56  76  0
56  77  0
56  78  0
56  79  1
56  80  0
56  81  0
56  82  1
56  83  2
56  84  0
56  85  0
56  86  0
56  87  0
56  88  0
56  89  0
56  90  1
56  91  0
56  92  0
56  93  0
56  94  0
56  95  0
56  96  0
56  97  0
56  98  0
56  99  1
57  0  0
57  1  0
57  2  0
57  3  0
57  4  0
57  5  0
57  6  0
57  7  0
57  8  0
57  9  0
57  10  0
57  11  0
57  12  0
57  13  0
57  14  0
57  15  0
57  16  0
57  17  0
57  18  0
57  19  0
57  20  1
57  21  0
57  22  1
57  23  0
57  24  0
57  25  0
57  26  1
57  27  0
57  28  0
57  29  0
57  30  1
57  31  0
57  32  0
57  33  0
57  34  0
57  35  1
57  36  0
57  37  1
57  38  0
57  39  0
57  40  1
57  41  1
57  42  0
57  43  1
57  44  1
57  45  2
57  46  2
57  47  0
57  48  1
57  49  2
57  50  0
57  51  0
57  52  2
57  53  0
57  54  1
57  55  0
57  56  0
57  57  0
57  58  0
57  59  0
57  60  0
57  61  0
57  62  0
57  63  0
57  64  0
57  65  0
57  66  0
57  67  1
57  68  1
57  69  1
57  70  2
57  71  0
57  72  0
57  73  2
57  74  0
57  75  0
57  76  0
57  77  0
57  78  2
57  79  1
57  80  0
57  81  0
57  82  0
57  83  0
57  84  0
57  85  0
57  86  0
57  87  2
57  88  1
57  89  0
57  90  1
57  91  0
57  92  0
57  93  0
57  94  0
57  95  0
57  96  0
57  97  1
57  98  0
57  99  0
58  0  0
58  1  0
58  2  0
58  3  0
58  4  0
58  5  0
58  6  0
58  7  0
58  8  0
58  9  0
58  10  0
58  11  0
58  12  1
58  13  0
58  14  0
58  15  0
58  16  0
58  17  0
58  18  0
58  19  0
58  20  0
58  21  0
58  22  1
58  23  0
58  24  0
58  25  0
58  26  0
58  27  0
58  28  0
58  29  0
58  30  1
58  31  2
58  32  1
58  33  1
58  34  0
58  35  0
58  36  1
58  37  0
58  38  0
58  39  0
58  40  0
58  41  0
58  42  1
58  43  1
58  44  2
58  45  1
58  46  3
58  47  2
58  48  4
58  49  1
58  50  0
58  51  1
58  52  0
58  53  1
58  54  1
58  55  1
58  56  0
58  57  0
58  58  0
58  59  0
58  60  0
58  61  0
58  62  0
58  63  1
58  64  0
58  65  0
58  66  0
58  67  0
58  68  1
58  69  0
58  70  0
58  71  0
58  72  1
58  73  0
58  74  0
58  75  2
58  76  1
58  77  0
58  78  1
58  79  0
58  80  0
58  81  0
58  82  0
58  83  1
58  84  0
58  85  0
58  86  0
58  87  0
58  88  0
58  89  1
58  90  0
58  91  0
58  92  0
58  93  0
58  94  0
58  95  0
58  96  0
58  97  0
58  98  0
58  99  0
59  0  0
59  1  0
59  2  0
59  3  0
59  4  0
59  5  0
59  6  0
59  7  1
59  8  0
59  9  0
59  10  0
59  11  0
59  12  1
59  13  0
59  14  0
59  15  0
59  16  1
59  17  0
59  18  1
59  19  0
59  20  0
59  21  0
59  22  0
59  23  0
59  24  0
59  25  0
59  26  0
59  27  0
59  28  0
59  29  0
59  30  0
59  31  0
59  32  0
59  33  1
59  34  0
59  35  0
59  36  0
59  37  0
59  38  2
59  39  1
59  40  2
59  41  2
59  42  1
59  43  1
59  44  1
59  45  3
59  46  2
59  47  1
59  48  1
59  49  0
59  50  0
59  51  1
59  52  1
59  53  0
59  54  0
59  55  0
59  56  1
59  57  0
59  58  0
59  59  1
59  60  0
59  61  0
59  62  0
59  63  0
59  64  0
59  65  0
59  66  0
59  67  0
59  68  0
59  69  1
59  70  1
59  71  1
59  72  0
59  73  1
59  74  1
59  75  1
59  76  0
59  77  0
59  78  0
59  79  0
59  80  0
59  81  1
59  82  1
59  83  1
59  84  0
59  85  0
59  86  0
59  87  1
59  88  0
59  89  0
59  90  0
59  91  0
59  92  0
59  93  0
59  94  0
59  95  1
59  96  1
59  97  1
59  98  0
59  99  0
60  0  0
60  1  0
60  2  0
60  3  0
60  4  0
60  5  0
60  6  0
60  7  0
60  8  0
60  9  0
60  10  0
60  11  0
60  12  0
60  13  1
60  14  0
60  15  0
60  16  0
60  17  0
60  18  0
60  19  0
60  20  0
60  21  0
60  22  1
60  23  0
60  24  0
60  25  0
60  26  0
60  27  0
60  28  0
60  29  0
60  30  0
60  31  0
60  32  0
60  33  1
60  34  1
60  35  1
60  36  0
60  37  1
60  38  1
60  39  0
60  40  0
60  41  1
60  42  2
60  43  0
60  44  1
60  45  1
60  46  0
60  47  0
60  48  1
60  49  0
60  50  2
60  51  2
60  52  1
60  53  2
60  54  0
60  55  2
60  56  0
60  57  1
60  58  2
60  59  1
60  60  1
60  61  0
60  62  0
60  63  0
60  64  0
60  65  2
60  66  0
60  67  0
60  68  0
60  69  0
60  70  0
60  71  1
60  72  0
60  73  1
60  74  1
60  75  0
60  76  3
60  77  1
60  78  1
60  79  1
60  80  0
60  81  0
60  82  1
60  83  1
60  84  0
60  85  1
60  86  0
60  87  0
60  88  1
60  89  0
60  90  1
60  91  0
60  92  1
60  93  0
60  94  0
60  95  0
60  96  0
60  97  0
60  98  0
60  99  2
61  0  0
61  1  0
61  2  0
61  3  0
61  4  0
61  5  0
61  6  0
61  7  0
61  8  0
61  9  0
61  10  0
61  11  0
61  12  0
61  13  0
61  14  0
61  15  0
61  16  0
61  17  0
61  18  0
61  19  1
61  20  0
61  21  0
61  22  0
61  23  0
61  24  1
61  25  0
61  26  0
61  27  1
61  28  0
61  29  1
61  30  0
61  31  0
61  32  0
61  33  1
61  34  0
61  35  0
61  36  1
61  37  0
61  38  2
61  39  0
61  40  2
61  41  0
61  42  1
61  43  0
61  44  1
61  45  2
61  46  0
61  47  2
61  48  0
61  49  2
61  50  2
61  51  2
61  52  2
61  53  1
61  54  1
61  55  0
61  56  1
61  57  2
61  58  1
61  59  0
61  60  0
61  61  0
61  62  1
61  63  1
61  64  0
61  65  0
61  66  1
61  67  0
61  68  1
61  69  0
61  70  0
61  71  0
61  72  0
61  73  0
61  74  0
61  75  1
61  76  0
61  77  0
61  78  0
61  79  1
61  80  0
61  81  0
61  82  1
61  83  0
61  84  0
61  85  0
61  86  0
61  87  0
61  88  0
61  89  0
61  90  2
61  91  0
61  92  1
61  93  0
61  94  0
61  95  0
61  96  0
61  97  0
61  98  0
61  99  0
62  0  0
62  1  0
62  2  0
62  3  0
62  4  0
62  5  0
62  6  0
62  7  0
62  8  0
62  9  0
62  10  1
62  11  0
62  12  0
62  13  1
62  14  0
62  15  0
62  16  0
62  17  1
62  18  0
62  19  0
62  20  0
62  21  0
62  22  0
62  23  0
62  24  0
62  25  0
62  26  0
62  27  0
62  28  0
62  29  0
62  30  1
62  31  1
62  32  1
62  33  0
62  34  0
62  35  2
62  36  0
62  37  0
62  38  1
62  39  1
62  40  0
62  41  1
62  42  0
62  43  1
62  44  0
62  45  1
62  46  0
62  47  1
62  48  4
62  49  0
62  50  2
62  51  1
62  52  1
62  53  1
62  54  0
62  55  0
62  56  2
62  57  0
62  58  0
62  59  2
62  60  0
62  61  1
62  62  0
62  63  0
62  64  0
62  65  0
62  66  1
62  67  0
62  68  2
62  69  1
62  70  0
62  71  0
62  72  1
62  73  1
62  74  0
62  75  0
62  76  0
62  77  0
62  78  0
62  79  1
62  80  2
62  81  0
62  82  0
62  83  0
62  84  0
62  85  0
62  86  1
62  87  2
62  88  1
62  89  0
62  90  0
62  91  0
62  92  0
62  93  1
62  94  0
62  95  2
62  96  0
62  97  0
62  98  0
62  99  0
63  0  0
63  1  0
63  2  0
63  3  0
63  4  0
63  5  0
63  6  1
63  7  0
63  8  0
63  9  0
63  10  0
63  11  0
63  12  0
63  13  0
63  14  0
63  15  0
63  16  0
63  17  0
63  18  0
63  19  0
63  20  0
63  21  0
63  22  0
63  23  0
63  24  1
63  25  0
63  26  0
63  27  0
63  28  0
63  29  0
63  30  0
63  31  1
63  32  1
63  33  0
63  34  1
63  35  0
63  36  0
63  37  0
63  38  1
63  39  0
63  40  1
63  41  1
63  42  3
63  43  1
63  44  2
63  45  3
63  46  0
63  47  1
63  48  1
63  49  3
63  50  0
63  51  1
63  52  0
63  53  0
63  54  0
63  55  0
63  56  0
63  57  0
63  58  0
63  59  1
63  60  0
63  61  1
63  62  2
63  63  0
63  64  0
63  65  0
63  66  0
63  67  0
63  68  1
63  69  0
63  70  0
63  71  0
63  72  0
63  73  0
63  74  1
63  75  0
63  76  1
63  77  0
63  78  0
63  79  1
63  80  0
63  81  0
63  82  0
63  83  0
63  84  0
63  85  0
63  86  0
63  87  1
63  88  0
63  89  0
63  90  0
63  91  0
63  92  0
63  93  0
63  94  0
63  95  0
63  96  0
63  97  0
63  98  0
63  99  0
64  0  0
64  1  0
64  2  0
64  3  0
64  4  0
64  5  0
64  6  0
64  7  0
64  8  0
64  9  0
64  10  0
64  11  0
64  12  0
64  13  0
64  14  0
64  15  0
64  16  0
64  17  0
64  18  1
64  19  0
64  20  0
64  21  0
64  22  1
64  23  1
64  24  0
64  25  1
64  26  0
64  27  0
64  28  0
64  29  0
64  30  0
64  31  0
64  32  0
64  33  0
64  34  0
64  35  0
64  36  1
64  37  0
64  38  1
64  39  1
64  40  2
64  41  2
64  42  3
64  43  2
64  44  0
64  45  0
64  46  1
64  47  0
64  48  0
64  49  2
64  50  0
64  51  0
64  52  0
64  53  1
64  54  0
64  55  0
64  56  1
64  57  2
64  58  0
64  59  0
64  60  0
64  61  3
64  62  0
64  63  0
64  64  1
64  65  0
64  66  0
64  67  0
64  68  0
64  69  1
64  70  0
64  71  0
64  72  0
64  73  1
64  74  0
64  75  0
64  76  1
64  77  1
64  78  0
64  79  2
64  80  1
64  81  2
64  82  0
64  83  0
64  84  0
64  85  0
64  86  0
64  87  0
64  88  0
64  89  0
64  90  0
64  91  0
64  92  0
64  93  0
64  94  0
64  95  0
64  96  0
64  97  0
64  98  1
64  99  0
65  0  0
65  1  0
65  2  0
65  3  0
65  4  0
65  5  0
65  6  0
65  7  0
65  8  0
65  9  0
65  10  0
65  11  0
65  12  0
65  13  0
65  14  0
65  15  0
65  16  0
65  17  0
65  18  0
65  19  0
65  20  0
65  21  0
65  22  0
65  23  0
65  24  0
65  25  1
65  26  0
65  27  0
65  28  0
65  29  0
65  30  2
65  31  0
65  32  0
65  33  0
65  34  0
65  35  0
65  36  0
65  37  0
65  38  1
65  39  0
65  40  0
65  41  0
65  42  0
65  43  0
65  44  2
65  45  3
65  46  0
65  47  0
65  48  0
65  49  1
65  50  0
65  51  2
65  52  2
65  53  0
65  54  0
65  55  2
65  56  0
65  57  0
65  58  0
65  59  0
65  60  0
65  61  0
65  62  1
65  63  0
65  64  0
65  65  0
65  66  0
65  67  0
65  68  1
65  69  0
65  70  0
65  71  0
65  72  1
65  73  0
65  74  0
65  75  0
65  76  0
65  77  2
65  78  0
65  79  0
65  80  0
65  81  0
65  82  1
65  83  0
65  84  1
65  85  0
65  86  0
65  87  0
65  88  0
65  89  1
65  90  0
65  91  0
65  92  0
65  93  0
65  94  0
65  95  0
65  96  0
65  97  0
65  98  0
65  99  0
66  0  0
66  1  0
66  2  0
66  3  0
66  4  0
66  5  1
66  6  0
66  7  0
66  8  0
66  9  0
66  10  0
66  11  0
66  12  0
66  13  0
66  14  0
66  15  0
66  16  0
66  17  0
66  18  0
66  19  0
66  20  0
66  21  0
66  22  0
66  23  0
66  24  0
66  25  0
66  26  0
66  27  1
66  28  0
66  29  0
66  30  0
66  31  1
66  32  0
66  33  0
66  34  1
66  35  0
66  36  1
66  37  1
66  38  1
66  39  0
66  40  2
66  41  0
66  42  0
66  43  1
66  44  1
66  45  2
66  46  0
66  47  1
66  48  2
66  49  1
66  50  2
66  51  0
66  52  0
66  53  0
66  54  0
66  55  0
66  56  1
66  57  0
66  58  1
66  59  0
66  60  0
66  61  1
66  62  0
66  63  0
66  64  0
66  65  0
66  66  0
66  67  0
66  68  0
66  69  1
66  70  1
66  71  2
66  72  0
66  73  0
66  74  0
66  75  0
66  76  0
66  77  0
66  78  0
66  79  0
66  80  0
66  81  0
66  82  0
66  83  0
66  84  0
66  85  0
66  86  0
66  87  1
66  88  0
66  89  0
66  90  0
66  91  0
66  92  0
66  93  0
66  94  0
66  95  0
66  96  0
66  97  0
66  98  0
66  99  1
67  0  1
67  1  0
67  2  0
67  3  0
67  4  1
67  5  0
67  6  0
67  7  0
67  8  0
67  9  0
67  10  0
67  11  0
67  12  0
67  13  0
67  14  0
67  15  0
67  16  0
67  17  1
67  18  1
67  19  0
67  20  0
67  21  0
67  22  0
67  23  0
67  24  0
67  25  1
67  26  0
67  27  1
67  28  0
67  29  0
67  30  0
67  31  0
67  32  2
67  33  0
67  34  0
67  35  0
67  36  0
67  37  0
67  38  2
67  39  1
67  40  2
67  41  0
67  42  1
67  43  0
67  44  1
67  45  2
67  46  2
67  47  1
67  48  0
67  49  1
67  50  1
67  51  0
67  52  0
67  53  0
67  54  0
67  55  0
67  56  1
67  57  0
67  58  0
67  59  0
67  60  0
67  61  0
67  62  0
67  63  0
67  64  0
67  65  0
67  66  0
67  67  0
67  68  0
67  69  0
67  70  0
67  71  1
67  72  0
67  73  0
67  74  1
67  75  0
67  76  1
67  77  0
67  78  1
67  79  1
67  80  0
67  81  0
67  82  1
67  83  1
67  84  0
67  85  0
67  86  0
67  87  0
67  88  0
67  89  0
67  90  1
67  91  0
67  92  0
67  93  0
67  94  0
67  95  0
67  96  0
67  97  1
67  98  0
67  99  0
68  0  0
68  1  0
68  2  2
68  3  0
68  4  0
68  5  0
68  6  0
68  7  0
68  8  0
68  9  0
68  10  1
68  11  0
68  12  0
68  13  0
68  14  0
68  15  0
68  16  0
68  17  0
68  18  0
68  19  0
68  20  0
68  21  0
68  22  0
68  23  0
68  24  0
68  25  0
68  26  0
68  27  0
68  28  0
68  29  1
68  30  0
68  31  0
68  32  0
68  33  1
68  34  0
68  35  0
68  36  0
68  37  0
68  38  1
68  39  1
68  40  0
68  41  1
68  42  0
68  43  0
68  44  0
68  45  1
68  46  0
68  47  2
68  48  1
68  49  1
68  50  1
68  51  1
68  52  0
68  53  0
68  54  0
68  55  1
68  56  1
68  57  0
68  58  1
68  59  0
68  60  0
68  61  1
68  62  0
68  63  0
68  64  0
68  65  0
68  66  0
68  67  0
68  68  0
68  69  1
68  70  0
68  71  0
68  72  0
68  73  1
68  74  0
68  75  0
68  76  0
68  77  0
68  78  1
68  79  1
68  80  0
68  81  0
68  82  0
68  83  1
68  84  1
68  85  0
68  86  0
68  87  0
68  88  1
68  89  1
68  90  0
68  91  0
68  92  0
68  93  0
68  94  0
68  95  1
68  96  0
68  97  0
68  98  0
68  99  0
69  0  0
69  1  0
69  2  0
69  3  0
69  4  0
69  5  0
69  6  0
69  7  0
69  8  0
69  9  0
69  10  0
69  11  0
69  12  0
69  13  0
69  14  0
69  15  0
69  16  0
69  17  0
69  18  0
69  19  0
69  20  2
69  21  0
69  22  0
69  23  0
69  24  0
69  25  0
69  26  0
69  27  0
69  28  2
69  29  0
69  30  0
69  31  0
69  32  0
69  33  1
69  34  0
69  35  0
69  36  1
69  37  0
69  38  2
69  39  1
69  40  0
69  41  0
69  42  0
69  43  1
69  44  2
69  45  2
69  46  2
69  47  0
69  48  1
69  49  0
69  50  0
69  51  1
69  52  1
69  53  0
69  54  1
69  55  0
69  56  1
69  57  0
69  58  0
69  59  0
69  60  0
69  61  0
69  62  1
69  63  1
69  64  1
69  65  1
69  66  1
69  67  0
69  68  1
69  69  0
69  70  1
69  71  1
69  72  0
69  73  0
69  74  0
69  75  1
69  76  0
69  77  1
69  78  0
69  79  0
69  80  0
69  81  0
69  82  0
69  83  1
69  84  0
69  85  0
69  86  0
69  87  0
69  88  0
69  89  0
69  90  0
69  91  1
69  92  0
69  93  0
69  94  0
69  95  0
69  96  1
69  97  0
69  98  1
69  99  1
70  0  0
70  1  0
70  2  0
70  3  0
70  4  0
70  5  0
70  6  0
70  7  0
70  8  0
70  9  1
70  10  0
70  11  0
70  12  0
70  13  1
70  14  0
70  15  0
70  16  0
70  17  0
70  18  0
70  19  0
70  20  0
70  21  0
70  22  0
70  23  0
70  24  0
70  25  0
70  26  0
70  27  0
70  28  0
70  29  0
70  30  0
70  31  1
70  32  0
70  33  0
70  34  0
70  35  0
70  36  0
70  37  0
70  38  1
70  39  1
70  40  0
70  41  0
70  42  1
70  43  3
70  44  0
70  45  1
70  46  1
70  47  1
70  48  2
70  49  1
70  50  1
70  51  0
70  52  2
70  53  1
70  54  0
70  55  3
70  56  0
70  57  0
70  58  0
70  59  0
70  60  0
70  61  0
70  62  0
70  63  1
70  64  1
70  65  0
70  66  2
70  67  0
70  68  0
70  69  0
70  70  1
70  71  0
70  72  2
70  73  0
70  74  0
70  75  2
70  76  0
70  77  1
70  78  0
70  79  0
70  80  0
70  81  0
70  82  0
70  83  0
70  84  0
70  85  0
70  86  0
70  87  0
70  88  0
70  89  0
70  90  0
70  91  1
70  92  1
70  93  0
70  94  0
70  95  1
70  96  0
70  97  0
70  98  0
70  99  0
71  0  0
71  1  0
71  2  0
71  3  1
71  4  0
71  5  0
71  6  0
71  7  0
71  8  0
71  9  0
71  10  0
71  11  0
71  12  0
71  13  0
71  14  0
71  15  0
71  16  0
71  17  0
71  18  0
71  19  0
71  20  0
71  21  0
71  22  0
71  23  0
71  24  0
71  25  1
71  26  0
71  27  0
71  28  1
71  29  0
71  30  1
71  31  1
71  32  0
71  33  0
71  34  0
71  35  0
71  36  2
71  37  0
71  38  0
71  39  1
71  40  1
71  41  1
71  42  1
71  43  0
71  44  0
71  45  0
71  46  0
71  47  1
71  48  2
71  49  0
71  50  0
71  51  1
71  52  2
71  53  1
71  54  0
71  55  0
71  56  0
71  57  0
71  58  0
71  59  1
71  60  0
71  61  1
71  62  0
71  63  0
71  64  0
71  65  0
71  66  0
71  67  0
71  68  0
71  69  0
71  70  0
71  71  0
71  72  0
71  73  0
71  74  0
71  75  0
71  76  0
71  77  0
71  78  0
71  79  0
71  80  2
71  81  0
71  82  0
71  83  0
71  84  1
71  85  0
71  86  1
71  87  0
71  88  1
71  89  0
71  90  0
71  91  0
71  92  0
71  93  0
71  94  0
71  95  0
71  96  0
71  97  0
71  98  0
71  99  0
72  0  0
72  1  0
72  2  0
72  3  0
72  4  1
72  5  0
72  6  0
72  7  0
72  8  0
72  9  0
72  10  0
72  11  0
72  12  0
72  13  0
72  14  0
72  15  0
72  16  0
72  17  1
72  18  0
72  19  0
72  20  0
72  21  0
72  22  0
72  23  0
72  24  2
72  25  0
72  26  2
72  27  1
72  28  0
72  29  0
72  30  1
72  31  0
72  32  2
72  33  1
72  34  0
72  35  1
72  36  0
72  37  0
72  38  2
72  39  1
72  40  1
72  41  0
72  42  0
72  43  0
72  44  3
72  45  4
72  46  2
72  47  2
72  48  3
72  49  5
72  50  0
72  51  0
72  52  2
72  53  2
72  54  2
72  55  2
72  56  0
72  57  0
72  58  1
72  59  1
72  60  1
72  61  0
72  62  0
72  63  0
72  64  0
72  65  1
72  66  0
72  67  0
72  68  0
72  69  0
72  70  0
72  71  0
72  72  1
72  73  2
72  74  1
72  75  1
72  76  0
72  77  2
72  78  0
72  79  0
72  80  1
72  81  0
72  82  0
72  83  0
72  84  1
72  85  1
72  86  0
72  87  2
72  88  0
72  89  0
72  90  0
72  91  0
72  92  1
72  93  1
72  94  0
72  95  0
72  96  0
72  97  0
72  98  0
72  99  0
73  0  0
73  1  0
73  2  0
73  3  0
73  4  0
73  5  0
73  6  0
73  7  1
73  8  0
73  9  0
73  10  0
73  11  0
73  12  0
73  13  0
73  14  0
73  15  0
73  16  0
73  17  0
73  18  0
73  19  0
73  20  0
73  21  0
73  22  0
73  23  2
73  24  1
73  25  2
73  26  0
73  27  0
73  28  0
73  29  0
73  30  1
73  31  2
73  32  0
73  33  0
73  34  0
73  35  2
73  36  0
73  37  1
73  38  0
73  39  1
73  40  0
73  41  0
73  42  1
73  43  2
73  44  2
73  45  0
73  46  2
73  47  1
73  48  2
73  49  4
73  50  3
73  51  1
73  52  0
73  53  2
73  54  3
73  55  0
73  56  1
73  57  0
73  58  2
73  59  1
73  60  1
73  61  1
73  62  1
73  63  0
73  64  0
73  65  1
73  66  0
73  67  4
73  68  0
73  69  1
73  70  1
73  71  1
73  72  0
73  73  0
73  74  0
73  75  0
73  76  0
73  77  0
73  78  1
73  79  0
73  80  0
73  81  0
73  82  2
73  83  0
73  84  0
73  85  1
73  86  1
73  87  0
73  88  0
73  89  0
73  90  0
73  91  1
73  92  2
73  93  0
73  94  0
73  95  0
73  96  1
73  97  0
73  98  0
73  99  0
74  0  0
74  1  0
74  2  0
74  3  1
74  4  0
74  5  0
74  6  0
74  7  0
74  8  0
74  9  0
74  10  0
74  11  0
74  12  0
74  13  0
74  14  0
74  15  1
74  16  0
74  17  0
74  18  0
74  19  0
74  20  0
74  21  0
74  22  0
74  23  0
74  24  0
74  25  0
74  26  0
74  27  0
74  28  0
74  29  2
74  30  2
74  31  1
74  32  0
74  33  0
74  34  1
74  35  0
74  36  0
74  37  2
74  38  0
74  39  4
74  40  1
74  41  1
74  42  0
74  43  1
74  44  2
74  45  1
74  46  1
74  47  1
74  48  2
74  49  1
74  50  2
74  51  1
74  52  3
74  53  1
74  54  1
74  55  0
74  56  0
74  57  1
74  58  1
74  59  1
74  60  1
74  61  0
74  62  1
74  63  1
74  64  2
74  65  0
74  66  0
74  67  0
74  68  1
74  69  1
74  70  1
74  71  0
74  72  0
74  73  0
74  74  2
74  75  1
74  76  0
74  77  3
74  78  0
74  79  0
74  80  0
74  81  0
74  82  1
74  83  1
74  84  0
74  85  0
74  86  0
74  87  0
74  88  0
74  89  0
74  90  0
74  91  0
74  92  0
74  93  0
74  94  0
74  95  1
74  96  0
74  97  0
74  98  0
74  99  0
75  0  0
75  1  0
75  2  1
75  3  0
75  4  0
75  5  0
75  6  0
75  7  0
75  8  0
75  9  1
75  10  0
75  11  0
75  12  0
75  13  0
75  14  0
75  15  0
75  16  0
75  17  0
75  18  1
75  19  0
75  20  0
75  21  0
75  22  0
75  23  0
75  24  1
75  25  0
75  26  0
75  27  1
75  28  0
75  29  0
75  30  1
75  31  1
75  32  0
75  33  0
75  34  0
75  35  0
75  36  3
75  37  0
75  38  0
75  39  1
75  40  3
75  41  0
75  42  2
75  43  2
75  44  1
75  45  3
75  46  3
75  47  2
75  48  6
75  49  1
75  50  4
75  51  2
75  52  1
75  53  2
75  54  0
75  55  1
75  56  2
75  57  1
75  58  0
75  59  0
75  60  0
75  61  0
75  62  1
75  63  0
75  64  0
75  65  1
75  66  2
75  67  1
75  68  0
75  69  0
75  70  1
75  71  0
75  72  0
75  73  6
75  74  1
75  75  0
75  76  0
75  77  0
75  78  2
75  79  0
75  80  1
75  81  1
75  82  0
75  83  1
75  84  0
75  85  0
75  86  0
75  87  0
75  88  0
75  89  0
75  90  0
75  91  1
75  92  0
75  93  0
75  94  1
75  95  0
75  96  0
75  97  0
75  98  0
75  99  0
76  0  0
76  1  0
76  2  0
76  3  0
76  4  0
76  5  0
76  6  0
76  7  0
76  8  0
76  9  0
76  10  0
76  11  0
76  12  0
76  13  0
76  14  0
76  15  0
76  16  0
76  17  0
76  18  0
76  19  0
76  20  0
76  21  0
76  22  0
76  23  0
76  24  1
76  25  1
76  26  0
76  27  0
76  28  0
76  29  1
76  30  0
76  31  1
76  32  1
76  33  1
76  34  0
76  35  0
76  36  1
76  37  1
76  38  0
76  39  3
76  40  2
76  41  0
76  42  2
76  43  2
76  44  1
76  45  1
76  46  1
76  47  2
76  48  8
76  49  3
76  50  5
76  51  1
76  52  2
76  53  2
76  54  1
76  55  1
76  56  1
76  57  0
76  58  0
76  59  0
76  60  0
76  61  1
76  62  0
76  63  0
76  64  1
76  65  1
76  66  1
76  67  2
76  68  0
76  69  1
76  70  1
76  71  1
76  72  0
76  73  1
76  74  2
76  75  0
76  76  1
76  77  1
76  78  1
76  79  2
76  80  2
76  81  0
76  82  1
76  83  2
76  84  1
76  85  0
76  86  0
76  87  0
76  88  0
76  89  0
76  90  0
76  91  0
76  92  0
76  93  0
76  94  0
76  95  0
76  96  0
76  97  1
76  98  0
76  99  0
77  0  0
77  1  1
77  2  1
77  3  0
77  4  0
77  5  0
77  6  0
77  7  0
77  8  0
77  9  0
77  10  0
77  11  0
77  12  0
77  13  0
77  14  0
77  15  0
77  16  1
77  17  0
77  18  0
77  19  1
77  20  1
77  21  0
77  22  1
77  23  0
77  24  1
77  25  0
77  26  0
77  27  0
77  28  1
77  29  2
77  30  1
77  31  1
77  32  0
77  33  1
77  34  0
77  35  1
77  36  2
77  37  1
77  38  0
77  39  1
77  40  0
77  41  0
77  42  0
77  43  0
77  44  3
77  45  5
77  46  6
77  47  6
77  48  5
77  49  1
77  50  2
77  51  1
77  52  2
77  53  2
77  54  2
77  55  5
77  56  2
77  57  1
77  58  0
77  59  0
77  60  0
77  61  1
77  62  1
77  63  2
77  64  0
77  65  1
77  66  2
77  67  2
77  68  1
77  69  2
77  70  0
77  71  0
77  72  3
77  73  1
77  74  0
77  75  1
77  76  0
77  77  0
77  78  2
77  79  1
77  80  1
77  81  5
77  82  1
77  83  2
77  84  1
77  85  0
77  86  2
77  87  0
77  88  2
77  89  0
77  90  0
77  91  0
77  92  1
77  93  0
77  94  0
77  95  0
77  96  0
77  97  1
77  98  0
77  99  0
78  0  0
78  1  0
78  2  2
78  3  1
78  4  0
78  5  0
78  6  1
78  7  0
78  8  0
78  9  0
78  10  0
78  11  0
78  12  0
78  13  0
78  14  0
78  15  1
78  16  1
78  17  0
78  18  0
78  19  1
78  20  1
78  21  0
78  22  0
78  23  0
78  24  0
78  25  1
78  26  0
78  27  2
78  28  0
78  29  2
78  30  1
78  31  2
78  32  0
78  33  1
78  34  2
78  35  0
78  36  0
78  37  0
78  38  1
78  39  2
78  40  4
78  41  0
78  42  0
78  43  2
78  44  2
78  45  3
78  46  3
78  47  5
78  48  7
78  49  5
78  50  0
78  51  3
78  52  1
78  53  2
78  54  0
78  55  3
78  56  2
78  57  1
78  58  0
78  59  2
78  60  1
78  61  0
78  62  0
78  63  2
78  64  1
78  65  1
78  66  0
78  67  1
78  68  0
78  69  1
78  70  1
78  71  3
78  72  3
78  73  0
78  74  2
78  75  2
78  76  3
78  77  1
78  78  5
78  79  2
78  80  3
78  81  3
78  82  1
78  83  0
78  84  0
78  85  2
78  86  1
78  87  1
78  88  0
78  89  0
78  90  0
78  91  1
78  92  0
78  93  0
78  94  0
78  95  2
78  96  0
78  97  0
78  98  0
78  99  0
79  0  0
79  1  0
79  2  0
79  3  0
79  4  0
79  5  0
79  6  0
79  7  0
79  8  1
79  9  0
79  10  0
79  11  0
79  12  0
79  13  0
79  14  0
79  15  0
79  16  0
79  17  1
79  18  0
79  19  0
79  20  0
79  21  1
79  22  0
79  23  0
79  24  1
79  25  1
79  26  0
79  27  0
79  28  1
79  29  5
79  30  0
79  31  1
79  32  3
79  33  1
79  34  1
79  35  3
79  36  1
79  37  2
79  38  0
79  39  1
79  40  2
79  41  1
79  42  1
79  43  3
79  44  6
79  45  2
79  46  5
79  47  5
79  48  3
79  49  7
79  50  1
79  51  4
79  52  3
79  53  0
79  54  0
79  55  1
79  56  0
79  57  1
79  58  3
79  59  0
79  60  2
79  61  1
79  62  2
79  63  0
79  64  2
79  65  1
79  66  2
79  67  1
79  68  1
79  69  1
79  70  1
79  71  1
79  72  0
79  73  1
79  74  1
79  75  0
79  76  2
79  77  0
79  78  7
79  79  2
79  80  3
79  81  8
79  82  4
79  83  4
79  84  0
79  85  3
79  86  3
79  87  2
79  88  1
79  89  1
79  90  1
79  91  3
79  92  2
79  93  0
79  94  0
79  95  1
79  96  1
79  97  0
79  98  1
79  99  0
80  0  0
80  1  0
80  2  0
80  3  0
80  4  0
80  5  0
80  6  0
80  7  0
80  8  0
80  9  0
80  10  0
80  11  0
80  12  0
80  13  0
80  14  0
80  15  0
80  16  0
80  17  0
80  18  0
80  19  2
80  20  0
80  21  0
80  22  0
80  23  2
80  24  1
80  25  1
80  26  1
80  27  1
80  28  2
80  29  1
80  30  1
80  31  0
80  32  3
80  33  1
80  34  2
80  35  3
80  36  3
80  37  2
80  38  2
80  39  2
80  40  3
80  41  1
80  42  2
80  43  3
80  44  6
80  45  5
80  46  5
80  47  1
80  48  5
80  49  1
80  50  2
80  51  3
80  52  5
80  53  0
80  54  1
80  55  0
80  56  1
80  57  1
80  58  1
80  59  0
80  60  3
80  61  2
80  62  1
80  63  3
80  64  0
80  65  2
80  66  0
80  67  0
80  68  2
80  69  1
80  70  0
80  71  0
80  72  3
80  73  2
80  74  1
80  75  2
80  76  4
80  77  3
80  78  7
80  79  5
80  80  3
80  81  5
80  82  7
80  83  2
80  84  0
80  85  1
80  86  2
80  87  1
80  88  1
80  89  3
80  90  1
80  91  0
80  92  0
80  93  2
80  94  0
80  95  0
80  96  1
80  97  0
80  98  0
80  99  0
81  0  0
81  1  0
81  2  0
81  3  0
81  4  1
81  5  0
81  6  0
81  7  0
81  8  0
81  9  0
81  10  0
81  11  1
81  12  0
81  13  0
81  14  0
81  15  0
81  16  0
81  17  1
81  18  1
81  19  0
81  20  0
81  21  0
81  22  1
81  23  0
81  24  1
81  25  2
81  26  1
81  27  2
81  28  1
81  29  4
81  30  4
81  31  4
81  32  1
81  33  4
81  34  2
81  35  3
81  36  6
81  37  1
81  38  3
81  39  6
81  40  4
81  41  8
81  42  2
81  43  3
81  44  3
81  45  4
81  46  4
81  47  1
81  48  4
81  49  0
81  50  3
81  51  9
81  52  2
81  53  5
81  54  0
81  55  3
81  56  0
81  57  0
81  58  3
81  59  2
81  60  1
81  61  6
81  62  0
81  63  3
81  64  1
81  65  1
81  66  0
81  67  1
81  68  1
81  69  0
81  70  0
81  71  2
81  72  1
81  73  2
81  74  1
81  75  5
81  76  4
81  77  2
81  78  7
81  79  4
81  80  5
81  81  7
81  82  1
81  83  2
81  84  2
81  85  5
81  86  0
81  87  0
81  88  2
81  89  2
81  90  0
81  91  1
81  92  0
81  93  4
81  94  3
81  95  0
81  96  0
81  97  0
81  98  0
81  99  0
82  0  0
82  1  0
82  2  0
82  3  1
82  4  2
82  5  0
82  6  0
82  7  1
82  8  0
82  9  0
82  10  0
82  11  0
82  12  0
82  13  0
82  14  0
82  15  0
82  16  0
82  17  0
82  18  0
82  19  0
82  20  1
82  21  1
82  22  0
82  23  0
82  24  1
82  25  1
82  26  1
82  27  1
82  28  1
82  29  1
82  30  4
82  31  2
82  32  4
82  33  1
82  34  5
82  35  4
82  36  2
82  37  8
82  38  1
82  39  4
82  40  3
82  41  5
82  42  4
82  43  2
82  44  2
82  45  3
82  46  3
82  47  4
82  48  3
82  49  3
82  50  4
82  51  7
82  52  3
82  53  3
82  54  4
82  55  1
82  56  2
82  57  2
82  58  0
82  59  1
82  60  1
82  61  2
82  62  1
82  63  1
82  64  6
82  65  0
82  66  2
82  67  0
82  68  1
82  69  1
82  70  3
82  71  2
82  72  3
82  73  4
82  74  3
82  75  1
82  76  6
82  77  5
82  78  4
82  79  5
82  80  2
82  81  6
82  82  2
82  83  1
82  84  2
82  85  5
82  86  4
82  87  3
82  88  0
82  89  4
82  90  5
82  91  3
82  92  2
82  93  4
82  94  1
82  95  1
82  96  1
82  97  0
82  98  2
82  99  0
83  0  0
83  1  0
83  2  0
83  3  0
83  4  0
83  5  0
83  6  0
83  7  0
83  8  0
83  9  0
83  10  0
83  11  0
83  12  0
83  13  0
83  14  1
83  15  0
83  16  0
83  17  0
83  18  0
83  19  0
83  20  0
83  21  1
83  22  0
83  23  1
83  24  0
83  25  2
83  26  3
83  27  1
83  28  3
83  29  3
83  30  1
83  31  4
83  32  5
83  33  5
83  34  4
83  35  2
83  36  5
83  37  0
83  38  5
83  39  7
83  40  6
83  41  8
83  42  3
83  43  5
83  44  3
83  45  8
83  46  4
83  47  5
83  48  5
83  49  3
83  50  1
83  51  2
83  52  4
83  53  4
83  54  1
83  55  2
83  56  1
83  57  2
83  58  0
83  59  1
83  60  3
83  61  2
83  62  0
83  63  1
83  64  0
83  65  2
83  66  3
83  67  2
83  68  0
83  69  0
83  70  1
83  71  2
83  72  4
83  73  3
83  74  2
83  75  6
83  76  4
83  77  8
83  78  5
83  79  1
83  80  3
83  81  6
83  82  5
83  83  2
83  84  4
83  85  1
83  86  2
83  87  4
83  88  4
83  89  5
83  90  2
83  91  3
83  92  2
83  93  4
83  94  1
83  95  1
83  96  0
83  97  0
83  98  0
83  99  0
84  0  0
84  1  0
84  2  0
84  3  0
84  4  0
84  5  0
84  6  0
84  7  0
84  8  0
84  9  0
84  10  0
84  11  0
84  12  0
84  13  0
84  14  1
84  15  0
84  16  0
84  17  0
84  18  1
84  19  1
84  20  1
84  21  0
84  22  2
84  23  2
84  24  2
84  25  0
84  26  0
84  27  1
84  28  3
84  29  3
84  30  3
84  31  6
84  32  4
84  33  8
84  34  3
84  35  3
84  36  4
84  37  8
84  38  5
84  39  2
84  40  3
84  41  6
84  42  4
84  43  8
84  44  2
84  45  1
84  46  6
84  47  5
84  48  4
84  49  2
84  50  3
84  51  1
84  52  2
84  53  2
84  54  1
84  55  2
84  56  1
84  57  1
84  58  0
84  59  1
84  60  2
84  61  2
84  62  0
84  63  0
84  64  1
84  65  0
84  66  2
84  67  2
84  68  0
84  69  0
84  70  0
84  71  2
84  72  4
84  73  8
84  74  7
84  75  10
84  76  9
84  77  4
84  78  4
84  79  2
84  80  5
84  81  4
84  82  1
84  83  5
84  84  4
84  85  3
84  86  3
84  87  5
84  88  3
84  89  1
84  90  6
84  91  2
84  92  2
84  93  2
84  94  0
84  95  1
84  96  0
84  97  0
84  98  0
84  99  0
85  0  0
85  1  0
85  2  0
85  3  0
85  4  0
85  5  0
85  6  0
85  7  0
85  8  0
85  9  0
85  10  0
85  11  0
85  12  0
85  13  0
85  14  0
85  15  1
85  16  0
85  17  0
85  18  0
85  19  0
85  20  0
85  21  1
85  22  0
85  23  1
85  24  1
85  25  0
85  26  3
85  27  3
85  28  1
85  29  1
85  30  2
85  31  2
85  32  6
85  33  4
85  34  3
85  35  7
85  36  3
85  37  2
85  38  8
85  39  6
85  40  5
85  41  4
85  42  4
85  43  4
85  44  9
85  45  7
85  46  8
85  47  11
85  48  4
85  49  3
85  50  0
85  51  0
85  52  2
85  53  2
85  54  0
85  55  3
85  56  1
85  57  2
85  58  0
85  59  2
85  60  0
85  61  0
85  62  2
85  63  0
85  64  0
85  65  1
85  66  0
85  67  2
85  68  3
85  69  1
85  70  0
85  71  2
85  72  4
85  73  2
85  74  10
85  75  7
85  76  4
85  77  9
85  78  5
85  79  3
85  80  3
85  81  4
85  82  6
85  83  4
85  84  8
85  85  8
85  86  5
85  87  3
85  88  2
85  89  4
85  90  3
85  91  1
85  92  2
85  93  2
85  94  0
85  95  0
85  96  0
85  97  0
85  98  0
85  99  1
86  0  0
86  1  0
86  2  1
86  3  1
86  4  0
86  5  0
86  6  0
86  7  0
86  8  0
86  9  0
86  10  0
86  11  0
86  12  0
86  13  0
86  14  1
86  15  0
86  16  0
86  17  1
86  18  0
86  19  1
86  20  2
86  21  2
86  22  0
86  23  1
86  24  2
86  25  0
86  26  3
86  27  4
86  28  3
86  29  2
86  30  2
86  31  4
86  32  6
86  33  0
86  34  2
86  35  10
86  36  3
86  37  2
86  38  4
86  39  3
86  40  4
86  41  5
86  42  5
86  43  8
86  44  4
86  45  8
86  46  6
86  47  5
86  48  5
86  49  5
86  50  3
86  51  3
86  52  0
86  53  0
86  54  0
86  55  1
86  56  2
86  57  2
86  58  0
86  59  2
86  60  0
86  61  0
86  62  0
86  63  0
86  64  0
86  65  0
86  66  0
86  67  0
86  68  0
86  69  2
86  70  1
86  71  2
86  72  2
86  73  9
86  74  8
86  75  10
86  76  10
86  77  7
86  78  2
86  79  3
86  80  3
86  81  2
86  82  7
86  83  11
86  84  8
86  85  9
86  86  6
86  87  4
86  88  10
86  89  7
86  90  4
86  91  0
86  92  1
86  93  3
86  94  2
86  95  1
86  96  0
86  97  2
86  98  1
86  99  0
87  0  0
87  1  0
87  2  0
87  3  0
87  4  0
87  5  0
87  6  0
87  7  0
87  8  0
87  9  0
87  10  0
87  11  0
87  12  0
87  13  1
87  14  0
87  15  0
87  16  0
87  17  0
87  18  0
87  19  0
87  20  1
87  21  1
87  22  0
87  23  1
87  24  1
87  25  1
87  26  3
87  27  2
87  28  4
87  29  1
87  30  3
87  31  5
87  32  3
87  33  7
87  34  8
87  35  5
87  36  4
87  37  4
87  38  1
87  39  3
87  40  5
87  41  5
87  42  9
87  43  8
87  44  5
87  45  8
87  46  6
87  47  12
87  48  3
87  49  3
87  50  2
87  51  1
87  52  1
87  53  3
87  54  2
87  55  3
87  56  1
87  57  1
87  58  1
87  59  0
87  60  2
87  61  1
87  62  2
87  63  1
87  64  1
87  65  1
87  66  0
87  67  0
87  68  1
87  69  2
87  70  1
87  71  1
87  72  4
87  73  8
87  74  9
87  75  3
87  76  6
87  77  6
87  78  6
87  79  4
87  80  4
87  81  2
87  82  2
87  83  9
87  84  9
87  85  10
87  86  16
87  87  8
87  88  12
87  89  10
87  90  4
87  91  5
87  92  3
87  93  2
87  94  1
87  95  1
87  96  0
87  97  0
87  98  0
87  99  0
88  0  0
88  1  0
88  2  0
88  3  0
88  4  0
88  5  0
88  6  0
88  7  0
88  8  0
88  9  0
88  10  0
88  11  0
88  12  0
88  13  0
88  14  0
88  15  0
88  16  0
88  17  0
88  18  0
88  19  0
88  20  0
88  21  0
88  22  3
88  23  2
88  24  2
88  25  0
88  26  4
88  27  2
88  28  1
88  29  2
88  30  3
88  31  4
88  32  7
88  33  2
88  34  6
88  35  4
88  36  4
88  37  2
88  38  3
88  39  1
88  40  3
88  41  4
88  42  2
88  43  5
88  44  8
88  45  1
88  46  4
88  47  2
88  48  2
88  49  5
88  50  3
88  51  0
88  52  1
88  53  1
88  54  0
88  55  2
88  56  1
88  57  2
88  58  0
88  59  1
88  60  0
88  61  1
88  62  1
88  63  1
88  64  0
88  65  0
88  66  0
88  67  0
88  68  1
88  69  1
88  70  1
88  71  0
88  72  3
88  73  4
88  74  5
88  75  4
88  76  6
88  77  1
88  78  0
88  79  5
88  80  5
88  81  6
88  82  5
88  83  4
88  84  8
88  85  8
88  86  13
88  87  7
88  88  16
88  89  6
88  90  2
88  91  2
88  92  1
88  93  2
88  94  2
88  95  1
88  96  2
88  97  0
88  98  0
88  99  0
89  0  0
89  1  0
89  2  0
89  3  0
89  4  1
89  5  0
89  6  0
89  7  1
89  8  0
89  9  0
89  10  0
89  11  0
89  12  0
89  13  0
89  14  1
89  15  0
89  16  0
89  17  0
89  18  0
89  19  0
89  20  0
89  21  0
89  22  0
89  23  0
89  24  0
89  25  4
89  26  2
89  27  1
89  28  4
89  29  3
89  30  2
89  31  7
89  32  2
89  33  4
89  34  7
89  35  4
89  36  5
89  37  5
89  38  2
89  39  2
89  40  5
89  41  1
89  42  8
89  43  7
89  44  5
89  45  4
89  46  8
89  47  6
89  48  3
89  49  2
89  50  2
89  51  2
89  52  1
89  53  0
89  54  2
89  55  0
89  56  0
89  57  0
89  58  0
89  59  1
89  60  0
89  61  0
89  62  1
89  63  0
89  64  1
89  65  1
89  66  1
89  67  0
89  68  0
89  69  0
89  70  2
89  71  1
89  72  0
89  73  0
89  74  3
89  75  2
89  76  2
89  77  4
89  78  4
89  79  2
89  80  4
89  81  1
89  82  2
89  83  7
89  84  5
89  85  8
89  86  8
89  87  10
89  88  6
89  89  3
89  90  1
89  91  1
89  92  0
89  93  1
89  94  1
89  95  2
89  96  0
89  97  0
89  98  0
89  99  0
90  0  0
90  1  0
90  2  0
90  3  0
90  4  0
90  5  0
90  6  0
90  7  0
90  8  0
90  9  0
90  10  0
90  11  0
90  12  0
90  13  0
90  14  0
90  15  0
90  16  1
90  17  0
90  18  0
90  19  1
90  20  0
90  21  0
90  22  0
90  23  0
90  24  1
90  25  1
90  26  1
90  27  0
90  28  5
90  29  3
90  30  3
90  31  6
90  32  8
90  33  6
90  34  11
90  35  5
90  36  2
90  37  2
90  38  2
90  39  0
90  40  3
90  41  3
90  42  4
90  43  5
90  44  2
90  45  5
90  46  4
90  47  2
90  48  3
90  49  2
90  50  2
90  51  1
90  52  1
90  53  0
90  54  4
90  55  1
90  56  0
90  57  1
90  58  1
90  59  2
90  60  2
90  61  1
90  62  0
90  63  0
90  64  0
90  65  1
90  66  3
90  67  0
90  68  1
90  69  1
90  70  2
90  71  2
90  72  1
90  73  3
90  74  3
90  75  2
90  76  2
90  77  2
90  78  2
90  79  3
90  80  3
90  81  2
90  82  3
90  83  2
90  84  9
90  85  9
90  86  7
90  87  7
90  88  6
90  89  4
90  90  2
90  91  1
90  92  0
90  93  0
90  94  1
90  95  0
90  96  0
90  97  0
90  98  1
90  99  0
91  0  0
91  1  0
91  2  0
91  3  0
91  4  0
91  5  1
91  6  0
91  7  0
91  8  0
91  9  0
91  10  0
91  11  0
91  12  0
91  13  0
91  14  0
91  15  1
91  16  1
91  17  0
91  18  1
91  19  0
91  20  1
91  21  2
91  22  1
91  23  0
91  24  1
91  25  0
91  26  2
91  27  1
91  28  1
91  29  4
91  30  6
91  31  5
91  32  12
91  33  11
91  34  6
91  35  1
91  36  5
91  37  4
91  38  3
91  39  3
91  40  4
91  41  2
91  42  2
91  43  2
91  44  2
91  45  4
91  46  4
91  47  1
91  48  0
91  49  2
91  50  0
91  51  0
91  52  3
91  53  1
91  54  0
91  55  1
91  56  1
91  57  1
91  58  1
91  59  2
91  60  1
91  61  1
91  62  1
91  63  0
91  64  0
91  65  0
91  66  0
91  67  2
91  68  2
91  69  2
91  70  0
91  71  0
91  72  1
91  73  1
91  74  3
91  75  1
91  76  3
91  77  2
91  78  4
91  79  0
91  80  0
91  81  0
91  82  5
91  83  7
91  84  7
91  85  8
91  86  6
91  87  3
91  88  3
91  89  1
91  90  5
91  91  1
91  92  0
91  93  0
91  94  2
91  95  1
91  96  0
91  97  0
91  98  0
91  99  1
92  0  0
92  1  0
92  2  0
92  3  1
92  4  0
92  5  0
92  6  0
92  7  0
92  8  0
92  9  0
92  10  1
92  11  0
92  12  0
92  13  0
92  14  0
92  15  0
92  16  0
92  17  0
92  18  0
92  19  0
92  20  2
92  21  0
92  22  0
92  23  2
92  24  2
92  25  0
92  26  2
92  27  0
92  28  0
92  29  2
92  30  3
92  31  2
92  32  5
92  33  4
92  34  5
92  35  4
92  36  2
92  37  6
92  38  0
92  39  1
92  40  5
92  41  4
92  42  4
92  43  4
92  44  3
92  45  4
92  46  0
92  47  2
92  48  2
92  49  5
92  50  1
92  51  3
92  52  1
92  53  1
92  54  0
92  55  2
92  56  0
92  57  1
92  58  1
92  59  2
92  60  0
92  61  0
92  62  0
92  63  1
92  64  1
92  65  0
92  66  0
92  67  1
92  68  1
92  69  0
92  70  0
92  71  0
92  72  1
92  73  0
92  74  2
92  75  0
92  76  1
92  77  3
92  78  1
92  79  1
92  80  4
92  81  4
92  82  5
92  83  6
92  84  7
92  85  6
92  86  4
92  87  4
92  88  1
92  89  3
92  90  1
92  91  1
92  92  1
92  93  3
92  94  0
92  95  1
92  96  0
92  97  0
92  98  0
92  99  1
93  0  0
93  1  0
93  2  0
93  3  0
93  4  0
93  5  0
93  6  0
93  7  0
93  8  0
93  9  0
93  10  0
93  11  1
93  12  1
93  13  0
93  14  0
93  15  0
93  16  0
93  17  0
93  18  1
93  19  0
93  20  0
93  21  2
93  22  0
93  23  0
93  24  2
93  25  1
93  26  1
93  27  2
93  28  2
93  29  4
93  30  4
93  31  4
93  32  8
93  33  8
93  34  7
93  35  7
93  36  3
93  37  3
93  38  1
93  39  1
93  40  3
93  41  2
93  42  5
93  43  3
93  44  2
93  45  2
93  46  4
93  47  5
93  48  2
93  49  4
93  50  0
93  51  1
93  52  0
93  53  0
93  54  0
93  55  1
93  56  1
93  57  1
93  58  0
93  59  1
93  60  0
93  61  1
93  62  0
93  63  0
93  64  1
93  65  0
93  66  0
93  67  1
93  68  1
93  69  0
93  70  1
93  71  0
93  72  1
93  73  0
93  74  0
93  75  2
93  76  0
93  77  0
93  78  1
93  79  4
93  80  2
93  81  3
93  82  0
93  83  2
93  84  6
93  85  5
93  86  3
93  87  4
93  88  1
93  89  0
93  90  1
93  91  0
93  92  1
93  93  1
93  94  2
93  95  1
93  96  0
93  97  0
93  98  0
93  99  0
94  0  0
94  1  0
94  2  0
94  3  1
94  4  0
94  5  0
94  6  0
94  7  0
94  8  0
94  9  0
94  10  1
94  11  0
94  12  0
94  13  0
94  14  1
94  15  0
94  16  0
94  17  1
94  18  0
94  19  1
94  20  2
94  21  1
94  22  0
94  23  0
94  24  0
94  25  0
94  26  1
94  27  1
94  28  4
94  29  0
94  30  2
94  31  1
94  32  5
94  33  6
94  34  0
94  35  2
94  36  3
94  37  2
94  38  1
94  39  0
94  40  2
94  41  0
94  42  2
94  43  3
94  44  5
94  45  3
94  46  3
94  47  1
94  48  1
94  49  0
94  50  0
94  51  6
94  52  2
94  53  2
94  54  0
94  55  0
94  56  0
94  57  0
94  58  0
94  59  0
94  60  1
94  61  0
94  62  0
94  63  2
94  64  0
94  65  0
94  66  0
94  67  0
94  68  0
94  69  2
94  70  0
94  71  1
94  72  0
94  73  1
94  74  0
94  75  0
94  76  0
94  77  0
94  78  1
94  79  2
94  80  2
94  81  0
94  82  1
94  83  1
94  84  3
94  85  4
94  86  2
94  87  1
94  88  0
94  89  0
94  90  1
94  91  2
94  92  0
94  93  0
94  94  1
94  95  0
94  96  1
94  97  1
94  98  0
94  99  0
95  0  0
95  1  0
95  2  1
95  3  0
95  4  0
95  5  0
95  6  0
95  7  0
95  8  0
95  9  0
95  10  0
95  11  0
95  12  0
95  13  0
95  14  0
95  15  0
95  16  0
95  17  0
95  18  0
95  19  0
95  20  1
95  21  0
95  22  0
95  23  1
95  24  1
95  25  0
95  26  1
95  27  0
95  28  2
95  29  1
95  30  1
95  31  3
95  32  2
95  33  1
95  34  2
95  35  2
95  36  3
95  37  1
95  38  1
95  39  0
95  40  1
95  41  0
95  42  0
95  43  4
95  44  3
95  45  1
95  46  6
95  47  2
95  48  2
95  49  2
95  50  0
95  51  2
95  52  1
95  53  0
95  54  1
95  55  0
95  56  0
95  57  0
95  58  0
95  59  0
95  60  0
95  61  0
95  62  0
95  63  0
95  64  0
95  65  0
95  66  0
95  67  1
95  68  0
95  69  1
95  70  3
95  71  0
95  72  0
95  73  0
95  74  0
95  75  0
95  76  3
95  77  0
95  78  1
95  79  1
95  80  0
95  81  2
95  82  6
95  83  5
95  84  2
95  85  4
95  86  2
95  87  3
95  88  2
95  89  1
95  90  0
95  91  0
95  92  1
95  93  1
95  94  0
95  95  0
95  96  0
95  97  0
95  98  0
95  99  1
96  0  0
96  1  0
96  2  0
96  3  0
96  4  0
96  5  0
96  6  0
96  7  0
96  8  0
96  9  0
96  10  0
96  11  0
96  12  0
96  13  0
96  14  0
96  15  0
96  16  0
96  17  0
96  18  0
96  19  0
96  20  1
96  21  0
96  22  0
96  23  1
96  24  0
96  25  1
96  26  0
96  27  2
96  28  0
96  29  2
96  30  1
96  31  1
96  32  2
96  33  2
96  34  2
96  35  0
96  36  1
96  37  2
96  38  2
96  39  1
96  40  0
96  41  2
96  42  1
96  43  0
96  44  1
96  45  6
96  46  2
96  47  2
96  48  3
96  49  0
96  50  2
96  51  1
96  52  2
96  53  0
96  54  0
96  55  0
96  56  0
96  57  0
96  58  0
96  59  1
96  60  0
96  61  0
96  62  0
96  63  1
96  64  0
96  65  1
96  66  0
96  67  0
96  68  2
96  69  1
96  70  1
96  71  1
96  72  0
96  73  0
96  74  0
96  75  0
96  76  1
96  77  0
96  78  0
96  79  1
96  80  1
96  81  3
96  82  3
96  83  4
96  84  5
96  85  1
96  86  0
96  87  1
96  88  0
96  89  1
96  90  2
96  91  0
96  92  0
96  93  0
96  94  0
96  95  0
96  96  0
96  97  0
96  98  0
96  99  0
97  0  0
97  1  0
97  2  1
97  3  0
97  4  0
97  5  0
97  6  0
97  7  0
97  8  0
97  9  0
97  10  0
97  11  1
97  12  0
97  13  0
97  14  0
97  15  1
97  16  0
97  17  0
97  18  0
97  19  1
97  20  0
97  21  0
97  22  0
97  23  1
97  24  0
97  25  1
97  26  1
97  27  1
97  28  2
97  29  2
97  30  0
97  31  0
97  32  0
97  33  1
97  34  1
97  35  2
97  36  1
97  37  2
97  38  0
97  39  3
97  40  0
97  41  0
97  42  0
97  43  1
97  44  8
97  45  1
97  46  6
97  47  3
97  48  1
97  49  1
97  50  1
97  51  0
97  52  2
97  53  1
97  54  1
97  55  0
97  56  0
97  57  0
97  58  0
97  59  0
97  60  0
97  61  0
97  62  1
97  63  1
97  64  0
97  65  0
97  66  3
97  67  2
97  68  0
97  69  0
97  70  1
97  71  0
97  72  0
97  73  1
97  74  1
97  75  0
97  76  0
97  77  1
97  78  1
97  79  0
97  80  0
97  81  3
97  82  0
97  83  1
97  84  0
97  85  0
97  86  3
97  87  0
97  88  3
97  89  0
97  90  0
97  91  1
97  92  0
97  93  1
97  94  0
97  95  0
97  96  0
97  97  0
97  98  0
97  99  0
98  0  0
98  1  0
98  2  0
98  3  0
98  4  1
98  5  0
98  6  0
98  7  0
98  8  0
98  9  1
98  10  0
98  11  0
98  12  0
98  13  0
98  14  0
98  15  0
98  16  0
98  17  0
98  18  0
98  19  1
98  20  0
98  21  0
98  22  0
98  23  0
98  24  0
98  25  0
98  26  0
98  27  2
98  28  1
98  29  0
98  30  0
98  31  0
98  32  1
98  33  0
98  34  1
98  35  1
98  36  1
98  37  1
98  38  2
98  39  1
98  40  1
98  41  1
98  42  0
98  43  1
98  44  1
98  45  0
98  46  0
98  47  0
98  48  1
98  49  0
98  50  0
98  51  0
98  52  0
98  53  0
98  54  1
98  55  0
98  56  0
98  57  0
98  58  1
98  59  0
98  60  1
98  61  0
98  62  1
98  63  0
98  64  0
98  65  1
98  66  0
98  67  0
98  68  0
98  69  1
98  70  0
98  71  0
98  72  0
98  73  0
98  74  1
98  75  0
98  76  0
98  77  0
98  78  2
98  79  2
98  80  0
98  81  0
98  82  1
98  83  0
98  84  1
98  85  1
98  86  0
98  87  0
98  88  0
98  89  0
98  90  1
98  91  0
98  92  0
98  93  0
98  94  0
98  95  1
98  96  0
98  97  0
98  98  0
98  99  0
99  0  0
99  1  0
99  2  0
99  3  0
99  4  0
99  5  1
99  6  0
99  7  0
99  8  0
99  9  0
99  10  0
99  11  0
99  12  0
99  13  0
99  14  0
99  15  0
99  16  1
99  17  0
99  18  0
99  19  0
99  20  0
99  21  0
99  22  0
99  23  1
99  24  0
99  25  1
99  26  1
99  27  0
99  28  0
99  29  0
99  30  1
99  31  1
99  32  0
99  33  0
99  34  1
99  35  1
99  36  1
99  37  0
99  38  0
99  39  0
99  40  0
99  41  3
99  42  1
99  43  2
99  44  2
99  45  2
99  46  2
99  47  2
99  48  3
99  49  4
99  50  1
99  51  2
99  52  0
99  53  0
99  54  0
99  55  1
99  56  0
99  57  0
99  58  2
99  59  0
99  60  1
99  61  0
99  62  0
99  63  1
99  64  0
99  65  0
99  66  1
99  67  0
99  68  2
99  69  0
99  70  0
99  71  0
99  72  0
99  73  0
99  74  0
99  75  0
99  76  0
99  77  0
99  78  0
99  79  2
99  80  0
99  81  0
99  82  1
99  83  0
99  84  0
99  85  0
99  86  0
99  87  0
99  88  0
99  89  0
99  90  1
99  91  0
99  92  0
99  93  0
99  94  0
99  95  0
99  96  1
99  97  0
99  98  0
99  99  0
