# Total number of accepetd MC steps : 801
# analyzing state state_6_18_hcmultiple0
0 	 0 	 0.785398
1 	 0 	 2.35619
2 	 0 	 3.92699
3 	 0 	 5.49779
4 	 0 	 7.06858
5 	 0 	 8.63938
6 	 0 	 10.2102
7 	 0 	 11.781
8 	 0 	 13.3518
9 	 0 	 14.9226
10 	 1 	 16.4934
11 	 0 	 18.0642
12 	 0 	 19.6349
13 	 0 	 21.2057
14 	 0 	 22.7766
15 	 0 	 24.3474
16 	 1 	 25.9181
17 	 0 	 27.4889
18 	 1 	 29.0597
19 	 0 	 30.6305
20 	 0 	 32.2013
21 	 1 	 33.7721
22 	 0 	 35.3429
23 	 0 	 36.9137
24 	 0 	 38.4845
25 	 1 	 40.0553
26 	 0 	 41.6261
27 	 1 	 43.1969
28 	 0 	 44.7677
29 	 1 	 46.3385
30 	 1 	 47.9093
31 	 2 	 49.4801
32 	 2 	 51.0508
33 	 4 	 52.6217
34 	 4 	 54.1924
35 	 1 	 55.7633
36 	 3 	 57.334
37 	 3 	 58.9049
38 	 4 	 60.4756
39 	 2 	 62.0465
40 	 3 	 63.6172
41 	 3 	 65.1881
42 	 4 	 66.7588
43 	 5 	 68.3297
44 	 3 	 69.9004
45 	 0 	 71.4712
46 	 6 	 73.0421
47 	 5 	 74.6128
48 	 2 	 76.1836
49 	 6 	 77.7544
50 	 8 	 79.3253
51 	 5 	 80.8959
52 	 6 	 82.4668
53 	 11 	 84.0376
54 	 10 	 85.6084
55 	 9 	 87.1792
56 	 10 	 88.75
57 	 7 	 90.3208
58 	 17 	 91.8916
59 	 8 	 93.4624
60 	 14 	 95.0332
61 	 12 	 96.604
62 	 10 	 98.1748
63 	 12 	 99.7456
64 	 10 	 101.316
65 	 15 	 102.887
66 	 17 	 104.458
67 	 15 	 106.029
68 	 15 	 107.6
69 	 15 	 109.17
70 	 17 	 110.741
71 	 16 	 112.312
72 	 22 	 113.883
73 	 14 	 115.454
74 	 16 	 117.024
75 	 18 	 118.595
76 	 20 	 120.166
77 	 27 	 121.737
78 	 24 	 123.308
79 	 26 	 124.878
80 	 27 	 126.449
81 	 36 	 128.02
82 	 27 	 129.591
83 	 36 	 131.162
84 	 29 	 132.732
85 	 32 	 134.303
86 	 39 	 135.874
87 	 41 	 137.445
88 	 40 	 139.015
89 	 45 	 140.586
90 	 39 	 142.157
91 	 46 	 143.728
92 	 39 	 145.299
93 	 40 	 146.87
94 	 43 	 148.44
95 	 39 	 150.011
96 	 37 	 151.582
97 	 50 	 153.152
98 	 50 	 154.724
99 	 42 	 156.294
100 	 38 	 157.865
101 	 60 	 159.436
102 	 53 	 161.006
103 	 47 	 162.577
104 	 55 	 164.148
105 	 52 	 165.719
106 	 58 	 167.29
107 	 63 	 168.86
108 	 69 	 170.432
109 	 55 	 172.002
110 	 81 	 173.573
111 	 67 	 175.144
112 	 72 	 176.715
113 	 72 	 178.285
114 	 49 	 179.856
115 	 67 	 181.427
116 	 53 	 182.998
117 	 76 	 184.568
118 	 75 	 186.14
119 	 64 	 187.71
120 	 56 	 189.281
121 	 41 	 190.852
122 	 65 	 192.423
123 	 90 	 193.993
124 	 69 	 195.564
125 	 71 	 197.135
126 	 75 	 198.705
127 	 61 	 200.277
128 	 43 	 201.847
129 	 63 	 203.418
130 	 74 	 204.989
131 	 75 	 206.56
132 	 65 	 208.131
133 	 62 	 209.701
134 	 58 	 211.272
135 	 67 	 212.843
136 	 71 	 214.413
137 	 54 	 215.985
138 	 54 	 217.555
139 	 52 	 219.126
140 	 69 	 220.697
141 	 66 	 222.268
142 	 59 	 223.839
143 	 57 	 225.409
144 	 56 	 226.979
145 	 63 	 228.551
146 	 52 	 230.121
147 	 68 	 231.693
148 	 48 	 233.264
149 	 55 	 234.834
150 	 59 	 236.404
151 	 49 	 237.977
152 	 63 	 239.545
153 	 67 	 241.117
154 	 52 	 242.689
155 	 65 	 244.258
156 	 48 	 245.83
157 	 70 	 247.4
158 	 40 	 248.971
159 	 50 	 250.543
160 	 45 	 252.113
161 	 54 	 253.684
162 	 65 	 255.254
163 	 64 	 256.824
164 	 50 	 258.396
165 	 67 	 259.967
166 	 47 	 261.537
167 	 43 	 263.109
168 	 54 	 264.68
169 	 79 	 266.25
170 	 50 	 267.82
171 	 53 	 269.391
172 	 51 	 270.963
173 	 41 	 272.533
174 	 67 	 274.104
175 	 51 	 275.676
176 	 53 	 277.244
177 	 67 	 278.816
178 	 56 	 280.389
179 	 50 	 281.957
180 	 53 	 283.529
181 	 41 	 285.1
182 	 66 	 286.67
183 	 68 	 288.24
184 	 52 	 289.812
185 	 54 	 291.383
186 	 59 	 292.953
187 	 63 	 294.525
188 	 66 	 296.094
189 	 61 	 297.666
190 	 78 	 299.238
191 	 63 	 300.807
192 	 53 	 302.379
193 	 70 	 303.949
194 	 76 	 305.52
195 	 63 	 307.09
196 	 57 	 308.662
197 	 68 	 310.232
198 	 56 	 311.803
199 	 60 	 313.373
200 	 63 	 314.945
201 	 71 	 316.516
202 	 64 	 318.086
203 	 46 	 319.658
204 	 90 	 321.229
205 	 61 	 322.797
206 	 64 	 324.371
207 	 70 	 325.938
208 	 76 	 327.512
209 	 67 	 329.082
210 	 67 	 330.652
211 	 73 	 332.223
212 	 73 	 333.797
213 	 62 	 335.363
214 	 74 	 336.938
215 	 75 	 338.504
216 	 54 	 340.078
217 	 75 	 341.648
218 	 77 	 343.219
219 	 71 	 344.789
220 	 81 	 346.363
221 	 65 	 347.93
222 	 68 	 349.504
223 	 69 	 351.07
224 	 56 	 352.645
225 	 68 	 354.215
226 	 67 	 355.785
227 	 77 	 357.355
228 	 83 	 358.93
229 	 82 	 360.496
230 	 57 	 362.07
231 	 76 	 363.637
232 	 69 	 365.211
233 	 71 	 366.781
234 	 69 	 368.352
235 	 75 	 369.922
236 	 67 	 371.496
237 	 66 	 373.062
238 	 63 	 374.633
239 	 73 	 376.207
240 	 77 	 377.777
241 	 71 	 379.348
242 	 59 	 380.918
243 	 71 	 382.488
244 	 72 	 384.059
245 	 86 	 385.633
246 	 62 	 387.199
247 	 71 	 388.773
248 	 73 	 390.344
249 	 73 	 391.914
250 	 73 	 393.484
251 	 70 	 395.055
252 	 75 	 396.625
253 	 58 	 398.195
254 	 62 	 399.77
255 	 78 	 401.34
256 	 70 	 402.906
257 	 71 	 404.48
258 	 76 	 406.051
259 	 79 	 407.621
260 	 74 	 409.195
261 	 71 	 410.762
262 	 78 	 412.336
263 	 82 	 413.902
264 	 76 	 415.477
265 	 72 	 417.047
266 	 76 	 418.617
267 	 75 	 420.188
268 	 90 	 421.758
269 	 75 	 423.332
270 	 91 	 424.898
271 	 83 	 426.473
272 	 76 	 428.043
273 	 75 	 429.609
274 	 82 	 431.184
275 	 60 	 432.758
276 	 76 	 434.324
277 	 70 	 435.895
278 	 78 	 437.469
279 	 71 	 439.035
280 	 77 	 440.609
281 	 58 	 442.18
282 	 80 	 443.75
283 	 72 	 445.32
284 	 72 	 446.891
285 	 69 	 448.465
286 	 84 	 450.031
287 	 84 	 451.605
288 	 77 	 453.176
289 	 96 	 454.742
290 	 64 	 456.32
291 	 94 	 457.883
292 	 69 	 459.461
293 	 74 	 461.023
294 	 82 	 462.602
295 	 75 	 464.172
296 	 68 	 465.742
297 	 81 	 467.312
298 	 81 	 468.883
299 	 88 	 470.453
300 	 86 	 472.023
301 	 69 	 473.594
302 	 76 	 475.164
303 	 90 	 476.742
304 	 79 	 478.305
305 	 80 	 479.875
306 	 71 	 481.453
307 	 86 	 483.016
308 	 83 	 484.594
309 	 92 	 486.164
310 	 101 	 487.727
311 	 96 	 489.305
312 	 87 	 490.875
313 	 82 	 492.445
314 	 90 	 494.016
315 	 89 	 495.586
316 	 79 	 497.156
317 	 97 	 498.727
318 	 73 	 500.305
319 	 79 	 501.867
320 	 82 	 503.438
321 	 81 	 505.016
322 	 87 	 506.578
323 	 94 	 508.156
324 	 88 	 509.719
325 	 83 	 511.297
326 	 89 	 512.867
327 	 87 	 514.43
328 	 92 	 516.008
329 	 88 	 517.578
330 	 85 	 519.148
331 	 88 	 520.719
332 	 93 	 522.289
333 	 94 	 523.859
334 	 88 	 525.438
335 	 84 	 527
336 	 90 	 528.57
337 	 88 	 530.148
338 	 86 	 531.711
339 	 72 	 533.289
340 	 77 	 534.852
341 	 95 	 536.43
342 	 94 	 537.992
343 	 97 	 539.57
344 	 87 	 541.141
345 	 94 	 542.711
346 	 97 	 544.281
347 	 97 	 545.852
348 	 104 	 547.422
349 	 101 	 548.992
350 	 94 	 550.562
351 	 115 	 552.141
352 	 88 	 553.703
353 	 103 	 555.273
354 	 91 	 556.852
355 	 106 	 558.414
356 	 99 	 559.992
357 	 91 	 561.562
358 	 109 	 563.125
359 	 102 	 564.703
360 	 77 	 566.273
361 	 95 	 567.844
362 	 113 	 569.414
363 	 91 	 570.984
364 	 100 	 572.555
365 	 97 	 574.125
366 	 89 	 575.695
367 	 127 	 577.266
368 	 98 	 578.844
369 	 116 	 580.406
370 	 119 	 581.984
371 	 99 	 583.547
372 	 126 	 585.125
373 	 111 	 586.688
374 	 114 	 588.266
375 	 93 	 589.836
376 	 128 	 591.406
377 	 102 	 592.969
378 	 118 	 594.547
379 	 124 	 596.117
380 	 137 	 597.688
381 	 116 	 599.266
382 	 114 	 600.828
383 	 102 	 602.398
384 	 109 	 603.969
385 	 96 	 605.547
386 	 135 	 607.109
387 	 109 	 608.688
388 	 119 	 610.25
389 	 124 	 611.828
390 	 116 	 613.391
391 	 131 	 614.969
392 	 137 	 616.539
393 	 108 	 618.109
394 	 126 	 619.68
395 	 130 	 621.25
396 	 139 	 622.82
397 	 136 	 624.391
398 	 124 	 625.961
399 	 140 	 627.531
400 	 135 	 629.109
401 	 145 	 630.672
402 	 141 	 632.242
403 	 149 	 633.82
404 	 134 	 635.391
405 	 139 	 636.953
406 	 130 	 638.531
407 	 151 	 640.102
408 	 154 	 641.664
409 	 124 	 643.25
410 	 155 	 644.812
411 	 126 	 646.375
412 	 150 	 647.953
413 	 146 	 649.531
414 	 150 	 651.094
415 	 132 	 652.656
416 	 128 	 654.234
417 	 163 	 655.812
418 	 161 	 657.375
419 	 134 	 658.953
420 	 160 	 660.516
421 	 154 	 662.094
422 	 148 	 663.672
423 	 150 	 665.219
424 	 160 	 666.812
425 	 160 	 668.375
426 	 155 	 669.938
427 	 167 	 671.516
428 	 149 	 673.094
429 	 158 	 674.656
430 	 142 	 676.219
431 	 159 	 677.797
432 	 167 	 679.375
433 	 163 	 680.938
434 	 194 	 682.516
435 	 145 	 684.078
436 	 158 	 685.656
437 	 161 	 687.219
438 	 156 	 688.797
439 	 146 	 690.359
440 	 157 	 691.938
441 	 168 	 693.516
442 	 168 	 695.078
443 	 133 	 696.641
444 	 141 	 698.219
445 	 141 	 699.797
446 	 162 	 701.359
447 	 166 	 702.922
448 	 168 	 704.516
449 	 169 	 706.062
450 	 172 	 707.641
451 	 164 	 709.219
452 	 190 	 710.781
453 	 168 	 712.359
454 	 147 	 713.938
455 	 159 	 715.484
456 	 171 	 717.078
457 	 163 	 718.641
458 	 176 	 720.203
459 	 174 	 721.781
460 	 166 	 723.359
461 	 159 	 724.922
462 	 169 	 726.484
463 	 173 	 728.062
464 	 148 	 729.641
465 	 181 	 731.203
466 	 165 	 732.781
467 	 169 	 734.344
468 	 186 	 735.922
469 	 171 	 737.484
470 	 166 	 739.062
471 	 167 	 740.625
472 	 140 	 742.203
473 	 170 	 743.781
474 	 172 	 745.328
475 	 178 	 746.922
476 	 192 	 748.484
477 	 177 	 750.047
478 	 182 	 751.641
479 	 168 	 753.188
480 	 166 	 754.766
481 	 206 	 756.344
482 	 173 	 757.906
483 	 182 	 759.484
484 	 177 	 761.047
485 	 181 	 762.625
486 	 176 	 764.188
487 	 158 	 765.766
488 	 200 	 767.328
489 	 194 	 768.906
490 	 169 	 770.484
491 	 190 	 772.047
492 	 193 	 773.609
493 	 197 	 775.188
494 	 198 	 776.766
495 	 181 	 778.328
496 	 193 	 779.906
497 	 199 	 781.469
498 	 185 	 783.031
499 	 191 	 784.625
500 	 192 	 786.172
501 	 160 	 787.766
502 	 131 	 789.312
503 	 133 	 790.906
504 	 120 	 792.469
505 	 136 	 794.031
506 	 128 	 795.609
507 	 133 	 797.172
508 	 96 	 798.75
509 	 102 	 800.328
510 	 110 	 801.891
511 	 132 	 803.469
512 	 101 	 805.031
513 	 97 	 806.594
514 	 86 	 808.188
515 	 94 	 809.734
516 	 88 	 811.328
517 	 103 	 812.875
518 	 96 	 814.469
519 	 100 	 816.016
520 	 96 	 817.609
521 	 88 	 819.172
522 	 95 	 820.734
523 	 78 	 822.312
524 	 94 	 823.891
525 	 93 	 825.453
526 	 79 	 827.016
527 	 70 	 828.594
528 	 86 	 830.172
529 	 87 	 831.734
530 	 71 	 833.312
531 	 90 	 834.875
532 	 73 	 836.453
533 	 72 	 838.016
534 	 75 	 839.594
535 	 64 	 841.156
536 	 81 	 842.734
537 	 71 	 844.297
538 	 85 	 845.875
539 	 83 	 847.453
540 	 60 	 849.016
541 	 72 	 850.578
542 	 87 	 852.156
543 	 64 	 853.734
544 	 80 	 855.297
545 	 77 	 856.875
546 	 60 	 858.438
547 	 67 	 860
548 	 62 	 861.594
549 	 84 	 863.141
550 	 77 	 864.734
551 	 90 	 866.297
552 	 80 	 867.859
553 	 67 	 869.438
554 	 73 	 871
555 	 74 	 872.578
556 	 64 	 874.156
557 	 54 	 875.719
558 	 59 	 877.281
559 	 73 	 878.859
560 	 81 	 880.438
561 	 58 	 882
562 	 79 	 883.578
563 	 80 	 885.141
564 	 62 	 886.719
565 	 71 	 888.281
566 	 74 	 889.859
567 	 73 	 891.422
568 	 75 	 893
569 	 52 	 894.562
570 	 54 	 896.141
571 	 66 	 897.719
572 	 59 	 899.281
573 	 66 	 900.844
574 	 73 	 902.422
575 	 69 	 904
576 	 62 	 905.562
577 	 64 	 907.141
578 	 59 	 908.688
579 	 73 	 910.281
580 	 69 	 911.844
581 	 57 	 913.438
582 	 69 	 914.969
583 	 58 	 916.562
584 	 59 	 918.125
585 	 57 	 919.719
586 	 63 	 921.281
587 	 90 	 922.812
588 	 62 	 924.438
589 	 67 	 925.969
590 	 66 	 927.562
591 	 75 	 929.125
592 	 60 	 930.688
593 	 66 	 932.281
594 	 67 	 933.844
595 	 69 	 935.406
596 	 62 	 936.969
597 	 58 	 938.562
598 	 69 	 940.125
599 	 67 	 941.688
600 	 63 	 943.25
601 	 67 	 944.844
602 	 59 	 946.406
603 	 69 	 947.969
604 	 54 	 949.562
605 	 68 	 951.094
606 	 64 	 952.688
607 	 66 	 954.281
608 	 65 	 955.812
609 	 58 	 957.406
610 	 56 	 958.969
611 	 49 	 960.531
612 	 52 	 962.125
613 	 45 	 963.688
614 	 54 	 965.25
615 	 62 	 966.812
616 	 48 	 968.406
617 	 47 	 969.969
618 	 77 	 971.531
619 	 58 	 973.125
620 	 57 	 974.656
621 	 48 	 976.25
622 	 63 	 977.844
623 	 48 	 979.375
624 	 59 	 980.969
625 	 47 	 982.531
626 	 61 	 984.094
627 	 46 	 985.688
628 	 59 	 987.25
629 	 45 	 988.812
630 	 62 	 990.375
631 	 52 	 991.969
632 	 40 	 993.531
633 	 52 	 995.094
634 	 49 	 996.688
635 	 54 	 998.219
636 	 47 	 999.812
637 	 40 	 1001.41
638 	 42 	 1002.94
639 	 62 	 1004.53
640 	 47 	 1006.09
641 	 58 	 1007.66
642 	 41 	 1009.25
643 	 37 	 1010.81
644 	 36 	 1012.38
645 	 42 	 1013.94
646 	 44 	 1015.53
647 	 47 	 1017.09
648 	 32 	 1018.66
649 	 37 	 1020.22
650 	 33 	 1021.81
651 	 35 	 1023.38
652 	 40 	 1024.94
653 	 37 	 1026.53
654 	 42 	 1028.06
655 	 27 	 1029.66
656 	 26 	 1031.25
657 	 47 	 1032.78
658 	 29 	 1034.38
659 	 32 	 1035.94
660 	 33 	 1037.5
661 	 29 	 1039.09
662 	 25 	 1040.66
663 	 33 	 1042.22
664 	 31 	 1043.78
665 	 28 	 1045.38
666 	 25 	 1046.94
667 	 27 	 1048.5
668 	 30 	 1050.09
669 	 32 	 1051.66
670 	 26 	 1053.22
671 	 26 	 1054.78
672 	 20 	 1056.34
673 	 25 	 1057.94
674 	 15 	 1059.5
675 	 25 	 1061.09
676 	 24 	 1062.62
677 	 25 	 1064.22
678 	 9 	 1065.78
679 	 12 	 1067.38
680 	 16 	 1068.91
681 	 15 	 1070.5
682 	 18 	 1072.06
683 	 10 	 1073.66
684 	 12 	 1075.22
685 	 18 	 1076.75
686 	 8 	 1078.38
687 	 15 	 1079.91
688 	 13 	 1081.5
689 	 16 	 1083.06
690 	 10 	 1084.62
691 	 16 	 1086.22
692 	 10 	 1087.78
693 	 8 	 1089.34
694 	 9 	 1090.91
695 	 4 	 1092.5
696 	 10 	 1094.06
697 	 4 	 1095.62
698 	 5 	 1097.19
699 	 3 	 1098.78
700 	 6 	 1100.34
701 	 2 	 1101.91
702 	 2 	 1103.5
703 	 2 	 1105.06
704 	 4 	 1106.62
705 	 2 	 1108.19
706 	 0 	 1109.78
707 	 0 	 1111.31
708 	 0 	 1041.72
709 	 0 	 1010.78
710 	 0 	 987.707
711 	 0 	 968.642
712 	 0 	 952.054
713 	 0 	 937.154
714 	 0 	 923.614
715 	 0 	 911.078
716 	 0 	 899.379
717 	 0 	 888.376
718 	 0 	 877.99
719 	 0 	 868.091
720 	 0 	 858.639
721 	 0 	 849.604
722 	 0 	 840.898
723 	 0 	 832.508
724 	 0 	 824.404
725 	 0 	 816.583
726 	 0 	 808.977
727 	 0 	 801.591
728 	 0 	 794.407
729 	 0 	 787.432
730 	 0 	 780.61
731 	 0 	 773.95
732 	 0 	 767.443
733 	 0 	 761.098
734 	 0 	 754.868
735 	 0 	 748.763
736 	 0 	 742.799
737 	 0 	 736.927
738 	 0 	 731.162
739 	 0 	 725.499
740 	 0 	 719.952
741 	 0 	 714.479
742 	 0 	 709.093
743 	 0 	 703.79
744 	 0 	 698.587
745 	 0 	 693.442
746 	 0 	 688.371
747 	 0 	 683.37
748 	 0 	 678.456
749 	 0 	 673.588
750 	 0 	 668.783
751 	 0 	 664.056
752 	 0 	 659.353
753 	 0 	 654.758
754 	 0 	 650.165
755 	 0 	 645.642
756 	 0 	 641.186
757 	 0 	 636.762
758 	 0 	 632.402
759 	 0 	 628.055
760 	 0 	 623.786
761 	 0 	 619.543
762 	 0 	 615.358
763 	 0 	 611.198
764 	 0 	 607.061
765 	 0 	 603.01
766 	 0 	 598.949
767 	 0 	 594.955
768 	 0 	 590.981
769 	 0 	 587.041
770 	 0 	 583.15
771 	 0 	 579.276
772 	 0 	 575.433
773 	 0 	 571.622
774 	 0 	 567.855
775 	 0 	 564.103
776 	 0 	 560.38
777 	 0 	 556.684
778 	 0 	 553.031
779 	 0 	 549.389
780 	 0 	 545.774
781 	 0 	 542.184
782 	 0 	 538.633
783 	 0 	 535.092
784 	 0 	 531.575
785 	 0 	 528.095
786 	 0 	 524.624
787 	 0 	 521.175
788 	 0 	 517.749
789 	 0 	 514.356
790 	 0 	 510.972
791 	 0 	 507.608
792 	 0 	 504.264
793 	 0 	 500.953
794 	 0 	 497.648
795 	 0 	 494.362
796 	 0 	 491.095
797 	 0 	 487.859
798 	 0 	 484.627
799 	 0 	 481.414
800 	 0 	 478.23
801 	 0 	 475.05
802 	 0 	 471.887
803 	 0 	 468.741
804 	 0 	 465.622
805 	 0 	 462.496
806 	 0 	 459.42
807 	 0 	 456.324
808 	 0 	 453.267
809 	 0 	 450.212
810 	 0 	 447.172
811 	 0 	 444.146
812 	 0 	 441.145
813 	 0 	 438.147
814 	 0 	 435.163
815 	 0 	 432.202
816 	 0 	 429.233
817 	 0 	 426.298
818 	 0 	 423.366
819 	 0 	 420.466
820 	 0 	 417.538
821 	 0 	 414.662
822 	 0 	 411.758
823 	 0 	 408.906
824 	 0 	 406.045
825 	 0 	 403.196
826 	 0 	 400.357
827 	 0 	 397.549
828 	 0 	 394.714
829 	 0 	 391.927
830 	 0 	 389.114
831 	 0 	 386.348
832 	 0 	 383.573
833 	 0 	 380.809
834 	 0 	 378.073
835 	 0 	 375.311
836 	 0 	 372.594
837 	 0 	 369.851
838 	 0 	 367.153
839 	 0 	 364.447
840 	 0 	 361.749
841 	 0 	 359.061
842 	 0 	 356.399
843 	 0 	 353.712
844 	 0 	 351.067
845 	 0 	 348.414
846 	 0 	 345.753
847 	 0 	 343.133
848 	 0 	 340.521
849 	 0 	 337.885
850 	 0 	 335.273
851 	 0 	 332.685
852 	 0 	 330.074
853 	 0 	 327.501
854 	 0 	 324.92
855 	 0 	 322.347
856 	 0 	 319.782
857 	 0 	 317.239
858 	 0 	 314.673
859 	 0 	 312.144
860 	 0 	 309.593
861 	 0 	 307.078
862 	 0 	 304.556
863 	 0 	 302.04
864 	 0 	 299.545
865 	 0 	 297.029
866 	 0 	 294.547
867 	 0 	 292.045
868 	 0 	 289.576
869 	 0 	 287.1
870 	 0 	 284.63
871 	 0 	 282.167
872 	 0 	 279.709
873 	 0 	 277.271
874 	 0 	 274.826
875 	 0 	 272.375
876 	 0 	 269.954
877 	 0 	 267.526
878 	 0 	 265.105
879 	 0 	 262.689
880 	 0 	 260.291
881 	 0 	 257.875
882 	 0 	 255.487
883 	 0 	 253.094
884 	 0 	 250.706
885 	 0 	 248.323
886 	 0 	 245.946
887 	 0 	 243.574
888 	 0 	 241.219
889 	 0 	 238.846
890 	 0 	 236.5
891 	 0 	 234.149
892 	 0 	 231.802
893 	 0 	 229.461
894 	 0 	 227.124
895 	 0 	 224.793
896 	 0 	 222.476
897 	 0 	 220.153
898 	 0 	 217.826
899 	 0 	 215.523
900 	 0 	 213.215
901 	 0 	 210.911
902 	 0 	 208.621
903 	 0 	 206.318
904 	 0 	 204.036
905 	 0 	 201.742
906 	 0 	 199.469
907 	 0 	 197.192
908 	 0 	 194.919
909 	 0 	 192.659
910 	 0 	 190.387
911 	 0 	 188.126
912 	 0 	 185.878
913 	 0 	 183.626
914 	 0 	 181.378
915 	 0 	 179.134
916 	 0 	 176.894
917 	 0 	 174.658
918 	 0 	 172.433
919 	 0 	 170.198
920 	 0 	 167.98
921 	 0 	 165.76
922 	 0 	 163.543
923 	 0 	 161.329
924 	 0 	 159.12
925 	 0 	 156.914
926 	 0 	 154.718
927 	 0 	 152.513
928 	 0 	 150.324
929 	 0 	 148.133
930 	 0 	 145.945
931 	 0 	 143.76
932 	 0 	 141.579
933 	 0 	 139.407
934 	 0 	 137.227
935 	 0 	 135.061
936 	 0 	 132.893
937 	 0 	 130.729
938 	 0 	 128.568
939 	 0 	 126.41
940 	 0 	 124.255
941 	 0 	 122.109
942 	 0 	 119.96
943 	 0 	 117.81
944 	 0 	 115.673
945 	 0 	 113.534
946 	 0 	 111.398
947 	 0 	 109.269
948 	 0 	 107.135
949 	 0 	 105.008
950 	 0 	 102.888
951 	 0 	 100.767
952 	 0 	 98.6484
953 	 0 	 96.5331
954 	 0 	 94.4207
955 	 0 	 92.3111
956 	 0 	 90.208
957 	 0 	 88.1039
958 	 0 	 85.999
959 	 0 	 83.9039
960 	 0 	 81.8082
961 	 0 	 79.715
962 	 0 	 77.6279
963 	 0 	 75.5369
964 	 0 	 73.4519
965 	 0 	 71.3723
966 	 0 	 69.2926
967 	 0 	 67.2152
968 	 0 	 65.1404
969 	 0 	 63.0683
970 	 0 	 60.9987
971 	 0 	 58.934
972 	 0 	 56.8668
973 	 0 	 54.807
974 	 0 	 52.7472
975 	 0 	 50.6899
976 	 0 	 48.635
977 	 0 	 46.5826
978 	 0 	 44.5342
979 	 0 	 42.4848
980 	 0 	 40.441
981 	 0 	 38.3978
982 	 0 	 36.357
983 	 0 	 34.3184
984 	 0 	 32.2822
985 	 0 	 30.2483
986 	 0 	 28.2176
987 	 0 	 26.187
988 	 0 	 24.1608
989 	 0 	 22.1355
990 	 0 	 20.1127
991 	 0 	 18.0919
992 	 0 	 16.0732
993 	 0 	 14.0573
994 	 0 	 12.0424
995 	 0 	 10.0306
996 	 0 	 8.01995
997 	 0 	 6.01225
998 	 0 	 4.00616
999 	 0 	 2.00221
