6.000000000000000000e+03 5.000000000000000104e-03 5.271013903084335039e-01 4.785603031330156187e-01 7.132035667926911460e-01 6.848881477890901570e-03 5.090137103190199852e-01 4.620201039355311678e-01
6.000000000000000000e+03 6.464646464646464641e-03 6.695834015708275189e-01 6.289980602525839792e-01 6.696320062832079589e-01 6.409381521198401765e-01 -1.000000000000000000e+01 -1.000000000000000000e+01
6.000000000000000000e+03 7.929292929292928310e-03 8.215253019486936648e-01 7.650877153288313526e-01 8.132301270791251202e-01 7.845545265893902886e-01 7.569288353770775579e-01 7.868318844005762758e-01
6.000000000000000000e+03 9.393939393939393714e-03 9.748525635855024296e-01 8.894001230548559400e-01 9.802821165732273911e-01 9.284942726771980848e-01 9.172797651483431958e-01 8.836212535563833237e-01
6.000000000000000000e+03 1.085858585858585912e-02 1.163514651214774265e+00 1.040135153439992299e+00 1.088367879312625464e+00 1.192337537317602170e+00 1.049986500076438789e+00 1.150411970570726750e+00
6.000000000000000000e+03 1.232323232323232279e-02 1.316603017706754919e+00 1.163539090033935963e+00 1.361687006643993003e+00 1.236217954132387442e+00 1.159899159516462941e+00 1.260797738804124934e+00
6.000000000000000000e+03 1.378787878787878646e-02 1.478871795764200581e+00 1.304056031196916488e+00 1.475112487770963154e+00 1.335652552843992869e+00 1.264687353805420411e+00 1.349604949637896345e+00
6.000000000000000000e+03 1.525252525252525360e-02 1.737174059037500884e+00 1.397663694571747772e+00 1.866479180054191556e+00 1.629354595117845639e+00 1.390082895865661916e+00 1.475457276980950416e+00
6.000000000000000000e+03 1.671717171717171727e-02 1.968868607272728610e+00 1.525195624056861154e+00 2.056928359354751823e+00 1.772595233096709189e+00 1.509882870549957401e+00 1.646768977835963321e+00
6.000000000000000000e+03 1.818181818181818094e-02 2.010082600724110602e+00 1.669994605643855268e+00 1.981501239287498883e+00 2.059855777128393850e+00 1.681138281843901128e+00 1.830067405004576875e+00
6.000000000000000000e+03 1.964646464646464460e-02 2.231530593465503198e+00 1.791468832532221445e+00 2.063007546156631733e+00 2.325977457237840884e+00 1.836133385995420753e+01 4.386752060721033075e+01
6.000000000000000000e+03 2.111111111111111174e-02 2.442302592212496126e+00 1.854302898125747223e+00 -1.000000000000000000e+02 -1.000000000000000000e+02 2.149057786448142160e+00 1.845929255841938010e+00
6.000000000000000000e+03 2.257575757575757541e-02 2.621358116501596225e+00 2.006726512667670104e+00 2.208390761362879928e+00 2.849430339921406041e+00 1.928435637778695755e+00 2.068760103226561675e+00
6.000000000000000000e+03 2.404040404040403908e-02 2.829694616870876089e+00 2.237010686466445630e+00 2.892883927754228424e+00 2.239243615099099749e+00 2.274574365239811158e+00 2.081025922510994164e+00
6.000000000000000000e+03 2.550505050505050622e-02 3.465787304898350740e+00 2.241902037215465882e+00 3.238024842219648036e+00 4.412701312791319275e+00 2.278805025282647723e+00 2.108080009694158985e+00
6.000000000000000000e+03 2.696969696969696989e-02 3.353937255053204058e+00 2.325579634893016223e+00 3.390056824740009134e+00 2.668913000832000115e+00 2.282008402243975720e+00 2.938343940179818592e+00
6.000000000000000000e+03 2.843434343434343356e-02 3.462098884553356903e+00 2.423308024404879468e+00 2.715836069157979260e+00 3.343739541299258100e+00 2.412644274458407789e+00 2.686985364919145969e+00
6.000000000000000000e+03 2.989898989898989723e-02 3.577898698199708516e+00 2.618204296749796267e+00 4.046405929910933175e+00 3.165922052068225412e+00 2.652028658472173284e+00 2.568947020918341817e+00
6.000000000000000000e+03 3.136363636363635743e-02 4.092667191240251690e+00 2.654482462063635584e+00 4.654366954871928641e+00 3.795321424740929928e+00 3.751889463643089506e+00 2.648428528019946437e+00
6.000000000000000000e+03 3.282828282828282457e-02 4.361919836768758607e+00 2.889291271597012045e+00 4.632725130230253896e+00 3.448111012862976832e+00 2.825248758766236712e+00 3.447455139124902423e+00
6.000000000000000000e+03 3.429292929292929171e-02 4.241740842928782840e+00 2.938174485954466952e+00 3.894278638936287784e+00 5.235652114599727014e+00 2.875890224171730125e+00 3.380450745614819841e+00
6.000000000000000000e+03 3.575757575757575191e-02 4.469748706794973714e+00 3.205087126148038923e+00 3.828275164048319912e+00 4.585828823179590508e+00 3.157709618815768948e+00 2.935868237080237808e+00
6.000000000000000000e+03 3.722222222222221905e-02 5.349703078706709469e+00 3.181693044663185699e+00 4.490531801935685685e+00 6.245129374219206220e+00 3.075919000954495441e+00 4.577609907907301157e+00
6.000000000000000000e+03 3.868686868686867925e-02 4.685590161887954963e+00 3.168228130698199418e+00 4.464912419212983430e+00 5.684067967482723915e+00 3.060751662660344152e+00 3.543217211270568878e+00
6.000000000000000000e+03 4.015151515151514638e-02 6.902617363532409733e+00 3.407713955146306262e+00 4.876598247373025607e+00 9.279599747831278833e+00 4.900687810303574032e+00 3.204971892125167976e+00
6.000000000000000000e+03 4.161616161616161352e-02 5.234353051064550399e+00 3.574379710257675757e+00 3.754461244156436450e+00 5.348147018553904175e+00 3.344269083164906675e+00 3.832833417565228551e+00
6.000000000000000000e+03 4.308080808080807372e-02 6.151803000305507751e+00 3.556922673095037624e+00 7.780938282138337492e+00 5.047927733976357523e+00 3.516559710600323019e+00 4.715726491909307150e+00
6.000000000000000000e+03 4.454545454545454086e-02 6.425627652134853207e+00 3.767280189163751292e+00 7.525005350358338951e+00 4.829088400357042232e+00 3.700772564439990031e+00 5.281649857924159086e+00
6.000000000000000000e+03 4.601010101010100800e-02 8.631756055252457926e+00 3.976476022391308707e+00 4.056688843367162178e+00 9.936990819158435073e+00 7.048808249406834037e+00 3.901926895646755433e+00
6.000000000000000000e+03 4.747474747474746820e-02 7.041616894047947106e+00 3.826741561631178179e+00 4.761674151574831981e+00 7.278172692377218311e+00 5.103829421759687079e+01 3.568240922741533439e+01
6.000000000000000000e+03 4.893939393939393534e-02 6.702363893796041694e+00 4.341147811094506537e+00 7.241695447167841415e+00 5.477643860842219325e+00 4.276687852816889013e+00 3.506603430320823556e+00
6.000000000000000000e+03 5.040404040404039554e-02 7.618693278882661346e+00 4.217891753007448230e+00 7.764497026493374143e+00 4.878509226885697991e+00 4.075932975769108957e+00 5.198003598717065188e+00
6.000000000000000000e+03 5.186868686868686268e-02 7.305594850850247290e+00 4.391538913493810981e+00 4.196416294800844327e+00 7.323578846899908790e+00 4.179712167606271400e+00 4.457852660715929893e+00
6.000000000000000000e+03 5.333333333333332982e-02 9.051945485170548977e+00 4.211553666511942851e+00 5.574743207649607513e+00 1.018242483480040050e+01 3.903253086287266083e+00 5.297996734545643349e+00
6.000000000000000000e+03 5.479797979797979002e-02 1.006707833742524016e+01 4.411377322486201180e+00 2.151517108912980092e+01 5.636480778566316907e+00 4.294063558686170623e+00 5.778522476005863773e+00
6.000000000000000000e+03 5.626262626262625716e-02 1.031225544696625462e+01 4.493983001927606580e+00 7.562742890241302973e+00 1.507846275727392715e+01 4.494918430602400150e+00 6.172620938447299643e+00
6.000000000000000000e+03 5.772727272727271736e-02 9.215842280487153815e+00 4.891786701824464068e+00 1.602086973036299966e+01 4.512276710745836539e+01 4.988762917129173857e+00 6.920338469834020678e+00
6.000000000000000000e+03 5.919191919191918450e-02 8.876283192532900657e+00 4.983708121703940286e+00 3.084000777766998169e+01 2.005749233907169682e+01 7.296021880657981740e+00 4.237748279952799457e+00
6.000000000000000000e+03 6.065656565656565163e-02 9.636982124914691639e+00 4.781295861701623906e+00 7.660797282143621878e+00 1.410454083926281221e+01 4.875120521204149071e+00 2.702873274621635247e+01
6.000000000000000000e+03 6.212121212121211183e-02 1.740383352658000859e+01 5.016628695735977139e+00 1.659359430109606492e+01 2.898762222925382304e+01 7.982935615339190605e+00 4.663646291126775090e+00
6.000000000000000000e+03 6.358585858585857897e-02 2.024210241684601286e+01 5.012929958946564568e+00 8.921514739686989159e+00 2.954496850637715966e+01 7.922579113071384072e+00 4.723464755269869642e+00
6.000000000000000000e+03 6.505050505050505305e-02 1.244396800538760672e+01 5.310892228138980542e+00 1.255174867697492935e+01 5.903773316583019515e+00 5.166469190949588786e+00 7.228732687532199996e+00
6.000000000000000000e+03 6.651515151515151325e-02 1.251869254484763516e+01 5.494323152789866604e+00 1.213274680879883860e+01 1.892233569471489574e+01 5.482411579603787999e+00 9.765675619410300712e+00
6.000000000000000000e+03 6.797979797979797345e-02 1.421691047105305117e+01 5.749937156279535166e+00 2.423924532274865129e+01 1.047357470428046433e+01 5.545745985707362991e+00 7.647858601203610718e+00
6.000000000000000000e+03 6.944444444444444753e-02 1.992038266311440964e+01 5.786437313869712717e+00 4.156103090618661611e+01 1.502247313243143800e+01 6.747246450988796163e+00 5.658088013660898419e+00
6.000000000000000000e+03 7.090909090909090773e-02 1.570211875937793522e+01 5.699818365117039320e+00 1.383558079597883150e+01 3.588364486320661939e+01 5.208579977216323265e+00 8.275264009894501172e+00
6.000000000000000000e+03 7.237373737373736793e-02 1.363277417014082360e+01 5.361036744282327682e+00 1.165731285427021113e+01 1.483303430902536313e+01 5.012354696581598823e+00 6.736915387936060817e+00
6.000000000000000000e+03 7.383838383838384201e-02 3.055015200328535840e+01 5.465335329531324504e+00 6.018957978652887064e+00 3.631268220071491726e+01 3.431995471932376773e+01 5.558681965344632658e+00
6.000000000000000000e+03 7.530303030303030221e-02 1.607294218061819890e+01 5.999357266185744386e+00 2.085047840532791597e+01 7.629072639594371985e+00 2.519674853402650427e+01 4.666366703325592624e+01
6.000000000000000000e+03 7.676767676767676241e-02 1.653320725736963581e+01 5.986741492060590808e+00 2.083899571145129315e+01 7.762647188511631491e+00 6.083118539431077387e+00 9.014315489985788687e+00
6.000000000000000000e+03 7.823232323232323648e-02 1.566434850653361188e+01 6.184192956877264891e+00 2.472427448190074983e+01 7.097331771693752955e+00 5.525084449958741040e+00 9.479433362218763648e+00
6.000000000000000000e+03 7.969696969696969668e-02 1.563097558235896045e+01 6.469455183729329484e+00 2.070653419669714168e+01 8.294564048824197400e+00 1.000492535722196230e+01 5.954078376380288695e+00
6.000000000000000000e+03 8.116161616161615688e-02 3.069468508805790918e+01 5.825133343635207517e+00 6.426435507125147772e+00 2.614957433722317148e+01 1.160871602176810491e+01 5.661591364256143066e+00
6.000000000000000000e+03 8.262626262626263096e-02 3.193922329697860008e+01 6.187417485170612075e+00 3.336971518919968815e+01 7.846432121389693926e+00 2.423488171358821575e+01 6.369285457617437807e+00
6.000000000000000000e+03 8.409090909090909116e-02 2.793583667849756935e+01 6.454747076536261119e+00 5.892950236760800209e+00 2.625244637823071869e+01 3.858647582664620046e+01 6.666236461906280830e+00
6.000000000000000000e+03 8.555555555555555136e-02 1.786387498213101566e+01 6.976685043374033945e+00 2.005791787500513834e+01 1.012340827556782585e+01 6.679434846654451974e+00 1.250032027032052007e+01
6.000000000000000000e+03 8.702020202020202544e-02 3.259167359125215313e+01 6.860246396722130768e+00 1.224435531732396321e+01 3.584038469624726275e+01 1.262089143503699162e+01 6.346969619583358480e+00
6.000000000000000000e+03 8.848484848484848564e-02 2.875986980657647152e+01 7.112014798192248577e+00 3.564801907670943137e+01 8.685071960309942440e+00 5.906209601866128622e+01 2.076044532508859319e+01
6.000000000000000000e+03 8.994949494949494584e-02 3.096163908212660587e+01 6.521761766290445905e+00 5.451436785592060374e+01 2.959954941734839906e+01 6.379019859381227953e+00 1.320566781028695935e+01
6.000000000000000000e+03 9.141414141414140604e-02 2.669258508406663566e+01 7.026296439604893251e+00 3.303263544138320640e+01 1.188148058208185809e+01 2.471406304482225025e+01 3.101608581937182407e+01
6.000000000000000000e+03 9.287878787878788012e-02 3.070826658238560825e+01 6.971241785018562176e+00 3.425681300598799339e+01 1.474599618025274594e+01 7.164083850462384717e+00 1.606835011748873754e+01
6.000000000000000000e+03 9.434343434343434032e-02 2.959204615502089197e+01 7.963588064237534958e+00 4.221392782892628759e+01 1.541985369527219696e+01 3.866230726710796972e+01 4.406355790600317590e+01
6.000000000000000000e+03 9.580808080808080052e-02 3.249911640909846966e+01 6.713453318869396114e+00 1.420001653902526684e+01 3.219156675599783313e+01 1.728307632373049074e+01 3.901150083579359773e+01
6.000000000000000000e+03 9.727272727272727459e-02 3.066568620157068992e+01 7.567189486940183230e+00 2.974330908069764945e+01 3.562787597424165398e+01 7.461031790251461793e+00 2.142918607671058240e+01
6.000000000000000000e+03 9.873737373737373479e-02 2.723280774258423875e+01 7.518367746238011406e+00 4.019638318330861892e+01 2.584022771884907144e+01 3.375693388544116402e+01 7.386426133369208280e+00
6.000000000000000000e+03 1.002020202020201950e-01 3.014249877309544345e+01 7.777203802009490019e+00 3.892971582864250735e+01 2.066914164917174190e+01 1.181114522585047943e+01 6.968390698180713549e+00
6.000000000000000000e+03 1.016666666666666691e-01 3.412504516081133232e+01 7.581373701717711633e+00 3.567799376655663934e+01 4.385864109076649697e+01 3.621306873259949555e+01 7.364303029599365225e+00
6.000000000000000000e+03 1.031313131313131293e-01 2.730156947986726834e+01 7.930865357100459256e+00 3.242069185124720576e+01 2.338582288337695658e+01 1.445850035695015912e+01 4.730939766062179785e+01
6.000000000000000000e+03 1.045959595959595895e-01 2.592882573139950964e+01 8.654500700361317911e+00 2.740764133926938229e+01 2.424754970064394755e+01 2.712470713591132920e+01 9.026060790568212866e+00
6.000000000000000000e+03 1.060606060606060635e-01 3.778408046279775334e+01 7.739132775569323996e+00 4.973479315236357934e+01 1.705809774622452224e+01 6.476343328911669417e+00 8.648083451782897058e+00
6.000000000000000000e+03 1.075252525252525237e-01 3.679830633623930680e+01 8.608565695310165466e+00 1.953677594956869967e+01 5.850432685234423502e+01 7.824310525253988402e+00 1.111298816005665913e+01
6.000000000000000000e+03 1.089898989898989839e-01 3.012091583944407702e+01 7.141926307214143677e+00 3.459589724279596368e+01 1.198853160519577798e+01 1.295808694216232304e+01 4.158308689260245927e+01
6.000000000000000000e+03 1.104545454545454441e-01 3.460539722483943592e+01 8.676848141880086018e+00 2.609353438578827067e+01 3.645232481950917958e+01 3.672428503895750396e+01 7.358264830807280532e+01
6.000000000000000000e+03 1.119191919191919182e-01 4.469710717137679268e+01 8.645952336139499650e+00 5.490335800274592515e+01 1.935845842500462410e+01 7.538818016929083043e+00 1.146340837083848463e+01
6.000000000000000000e+03 1.133838383838383784e-01 3.376385942217812186e+01 8.290390248483680224e+00 -1.000000000000000000e+02 -1.000000000000000000e+02 1.151220884235230280e+01 7.238543868952937110e+00
6.000000000000000000e+03 1.148484848484848386e-01 3.553072574944892636e+01 8.370857233267443576e+00 2.971399364057290526e+01 4.195755619215091059e+01 8.294299200139933603e+00 2.614227494923517270e+01
6.000000000000000000e+03 1.163131313131313127e-01 3.014524745357751812e+01 8.756296447185910381e+00 3.945847468782055500e+01 1.052536174972476033e+02 5.868541083048724261e+01 3.564004368332413009e+01
6.000000000000000000e+03 1.177777777777777729e-01 3.502485692422537511e+01 7.888286847637912658e+00 1.756373221255972794e+01 4.179132642587274660e+01 1.448785521770946438e+01 7.039504665599986666e+00
6.000000000000000000e+03 1.192424242424242331e-01 3.543367459556829857e+01 8.794449995146164767e+00 3.178509900983886638e+01 1.301786455122077335e+01 1.930572812868745203e+01 8.821332243585217725e+00
6.000000000000000000e+03 1.207070707070707072e-01 3.370399718707341208e+01 9.830071474405391641e+00 2.673127250389445919e+01 4.622042579307441912e+01 8.956369204734265566e+00 2.323596778004831265e+01
6.000000000000000000e+03 1.221717171717171674e-01 3.702730369083669615e+01 8.514303419548472363e+00 2.133740773085392206e+01 5.094298965857861816e+01 1.445304914671270957e+01 7.565838232547234199e+00
6.000000000000000000e+03 1.236363636363636276e-01 4.012955430350742603e+01 8.863289836698747592e+00 4.441398550191211569e+01 2.109556073280553079e+01 1.292015362153292379e+01 8.815866900708035914e+00
6.000000000000000000e+03 1.251010101010101017e-01 3.442737983333478979e+01 8.877978743734770362e+00 4.021633193001798645e+01 1.533220783391757536e+01 3.537517436630037082e+01 3.872591654945782835e+01
6.000000000000000000e+03 1.265656565656565480e-01 3.224211314056990574e+01 8.929454747732680886e+00 3.804005250223773515e+01 1.583322039562691153e+01 5.796022064844752464e+01 3.515116606510186870e+01
6.000000000000000000e+03 1.280303030303030221e-01 3.329127495692782190e+01 8.858439782376967386e+00 9.993520466205019659e+00 3.287406320023419681e+01 -1.000000000000000000e+01 -1.000000000000000000e+01
6.000000000000000000e+03 1.294949494949494961e-01 3.420075052985738040e+01 9.202309029491669179e+00 3.803627154155554990e+01 9.715854326521327522e+00 1.093202144153537958e+01 8.090761909880859193e+00
6.000000000000000000e+03 1.309595959595959425e-01 3.793984366282879961e+01 1.076853647850780504e+01 2.714735804925306084e+01 5.150777534052432571e+01 1.604589113747654849e+01 8.771435107584229840e+00
6.000000000000000000e+03 1.324242424242424165e-01 3.357158155172824365e+01 9.687436590332080044e+00 3.550153256970432381e+01 5.107815946766828574e+01 2.841618917716396453e+01 7.813607740888542708e+01
6.000000000000000000e+03 1.338888888888888906e-01 3.876742063030494734e+01 8.457311745335372777e+00 4.471906855158147920e+01 1.776171344978862976e+01 1.475004343713694510e+01 7.448579291786590062e+00
6.000000000000000000e+03 1.353535353535353369e-01 3.824825244554002524e+01 9.578120027110976764e+00 1.297910311089574797e+01 4.735711610173392110e+05 8.604821857563075937e+00 1.984454149673025825e+01
6.000000000000000000e+03 1.368181818181818110e-01 3.620893176286268300e+01 1.003207179395607263e+01 1.557469694901237034e+01 4.456714998516132198e+01 1.824926209761170171e+01 8.456575422690850274e+00
6.000000000000000000e+03 1.382828282828282851e-01 3.756701168301992055e+01 9.997656041065273058e+00 4.080431100378498144e+01 1.765411860648232789e+01 1.908143218633356497e+01 3.115433587298064376e+05
6.000000000000000000e+03 1.397474747474747314e-01 3.345571154721697837e+01 1.041103739929050143e+01 3.267810041763362250e+01 1.232930270784091675e+01 9.990253400848290610e+00 3.669011727133889877e+01
6.000000000000000000e+03 1.412121212121212055e-01 3.731719862605412175e+01 1.001991593859424690e+01 -1.000000000000000000e+02 -1.000000000000000000e+02 5.148436006293288614e+01 3.353366692667858473e+01
6.000000000000000000e+03 1.426767676767676796e-01 3.459941237109237733e+01 1.175985289490947139e+01 1.076199923393322422e+01 3.105700345447328914e+01 -1.000000000000000000e+01 -1.000000000000000000e+01
6.000000000000000000e+03 1.441414141414141259e-01 4.082762860358597123e+01 1.034199619027718242e+01 2.236440275414955536e+01 4.556388212605481414e+01 1.786708430449188612e+01 1.044124894040872853e+01
6.000000000000000000e+03 1.456060606060606000e-01 3.916930121307511570e+01 1.128442036972923646e+01 2.220571862479721403e+01 5.098994387295442721e+01 1.062065810800714338e+01 2.052518141690042697e+01
6.000000000000000000e+03 1.470707070707070740e-01 4.118639788941524671e+01 9.833076632929589778e+00 -1.000000000000000000e+02 -1.000000000000000000e+02 9.335941639684216753e+00 3.112554544775761656e+01
6.000000000000000000e+03 1.485353535353535204e-01 4.049294447940560104e+01 9.512262158577653892e+00 4.062223152172458640e+01 1.406942376977169751e+01 1.360747103137145686e+01 8.855389768449930088e+00
6.000000000000000000e+03 1.499999999999999944e-01 4.347662033895900180e+01 9.915661700874498052e+00 2.459784123357955465e+01 4.901367515846468592e+01 2.622312218808037798e+01 9.263910288617816846e+00
